#bZIP13_S8_L002_R1_001_2.m1
#KSM version: 1
#600/600
#2.23
#k-mer/r.c.    	Offset	PosCt	wPosCt	NegCt	HgpLg10	CIDs	PosHits (base85 encoding)	NegHits (base85 encoding)
GTGGAAC/GTTCCAC	0	84	84	6	-20.7	*	!"ohC![L#T#QTDeJ1(Bt$igl)!$D7A+92uZ(]aVp!5nl1!!!!E!>km"!"f3e&-tNd#a?#1*$bMM!!%O7$%OH*!""0@!'gY~	z!!#7az!#,D5zzzzzz!"],1z"98E%z!!!"L~
TCGTGGA/TCCACGA	-2	49	49	6	-10.3	*	!!",A!&+BQ-ia8J"98FPJ,fQ\%3PWN!%&J3?pObu!!*(M!!3iC5QCicz!!",AJ.M\tJ,fR7!!!!B!!!!%!!",A5QF+~	z!!!!a!!%NLzzzz!!*'"!!!9)zzzz#QPD~
TGGAAGT/ACTTCCA	1	45	45	8	-8.0	*	O?a'_!WWcSz5QJS$O8o7l!<<0(!!3-#z!!!!%!!&5`#XA@iL]@GU!"]-\!$FN,!!E<6J-5iQ&-)]$!.Y%L!";*~	!!!!#TE"rlzz!$D7A#QOi)zz!!*'"zzzzz!"],1!!",~
TGGAACG/CGTTCCA	1	41	41	8	-7.0	*	!!!Q1z!WW6$+=I44#QP#n!$D7A!!!T;&-)\1!.Y%l!!!!E!!!'3!"]-d!!iQi"98Q)"98Ee"98E%!IuR!!!n)T!!!-~	zzz!!E9%zzzz!!!!1z!"],1!!E9%zJ,fS"z!!!'C~
TGGAAGC/GCTTCCA	1	41	41	2	-11.6	*	!!!'#Tc+ID5QD>sz!)NXr-j0O#!!E9%!!!$"VuQet!'pSbz!.YU\!!%NL!!!'#!!7ZN5QGKuJ04gl!!!'#!!#7~	z!'gMazzzzzzzzzzzzz!!!!%~
CGTGGANNA/TNNTCCACG	-1	39	40	1	-12.6	0,-1,-2,-3	N.A.	N.A.
GTGGANGA/TCNTCCAC	0	38	38	2	-10.7	-4,5	N.A.	N.A.
GTGGAANA/TNTTCCAC	0	38	38	3	-9.7	-4,-6	N.A.	N.A.
TGGAAGG/CCTTCCA	1	37	37	3	-9.4	*	![*.1!!!--z!!!Q1!!kgi!rr<,z!'gMa!!.U8!!!QB5QCcaz#QtDU!!iQ)!WWc3z!!!-%!X(1[!"]8~	!!!!1zzzzzzzzzzzz+92BAzzz!!!!#~
TGGAAGA/TCTTCCA	1	36	36	4	-8.2	*	+92BA#QOjT!"],1&-)]\!!!9*zKE(uP!-l9Z!!#7aK*2/sTE'KB!!E9%!$VCC!!!!"!'gMa!!!-%!!!!%+9DNC!!*?~	zzzzzzz!!!!)zzzzz#S6t9zzz!W~
GTGGAGG/CCTCCAC	0	33	33	4	-7.4	*	#QOii!.^^Bzz!!E9E!!!!#!!iQ)+ohU6+92BA"9\c+!!!$4J,g\l!!*c6J,fQt!!!"L+@lJ4z5Q~	z!!!!azzzzJ,g,\zzzzzzz!!!"L~
GNGGAAGA/TCTTCCNC	0	32	32	2	-8.9	-4,7	N.A.	N.A.
GTGGAGNA/TNCTCCAC	0	28	29	1	-9.2	8,5	N.A.	N.A.
GTGGANCA/TGNTCCAC	0	28	28	2	-7.7	8,-6	N.A.	N.A.
TGGAANGA/TCNTTCCA	1	26	26	1	-8.3	9,-10	N.A.	N.A.
GTGGAGC/GCTCCAC	0	24	24	4	-5.2	*	!!!9)!!%fT&-)h5!!E9=?j$H0z!WW33JH-5a!!!-=!!!!)zzJ,fQL!!!!azzz!'g~	zzz#QOi)zzz!!!9)zzzzzz!!%NLzz5Q~
TGGAACC/GGTTCCA	1	24	24	3	-5.6	*	!!#7az#QOi9z!.Y%Lz+92BA!!*'$!!!"Lz!>ke:!!*'"&-)\1#QPDC8-Ao(!!!!a!!!$"!!!!a~	z!!#7azzzzzzzzzzzz!!!"Lzz!!!!%~
GGAAGGA/TCCTTCC	2	22	22	3	-5.1	*	!al!.z!!!9)z!!kgi!<<*$z!'gMa!!%O7zzz5Qh&ez!WW3++94Yl!!!-%!!!$&!"]~	zzzz!!#7azzzzzzzz5QCcazz!!!!A~
GGAAGTA/TACTTCC	2	21	21	1	-6.7	*	J,fjO!!EiUz5QCca!!3.N&-)\1!!<3$zz!!!Q1#XA@iz!'gMa#QOi)zz!!!!a!.]S~	zzzzz!!!!)~
ACGAGGA/TCCTCGT	-2	19	19	2	-5.0	*	!!*'B&3p3q+92BA!!!"LJ,f]P&-3=Bz5QCcaz!.Y%Lz!%7gQ!!",A#QOi-~	zzzzzzz!!!!)zzzz!!!!)~
TGGAGCA/TGCTCCA	1	19	19	2	-5.0	*	!!!9)!!!9)&-)\1!!E9=5QCca5QCca&-)\A!<<*&!!!-=!!!!)zzJ,fQLzz!!iQ)zzJ,~	zzz$3~
TGGAAGNC/GNCTTCCA	1	18	18	1	-5.8	-11,-12	N.A.	N.A.
$$$
CGTGGAGCA/TGCTCCACG	0	11	11	0	-4.2	0	!!!9)!!!9)&-)\1!!E9-5QCcaz!!!!1!<<*"!!!--!!!!)~	
TCCTCCACG/CGTGGAGGA	0	11	11	0	-4.2	1	#QOii!.Z0lzz!!!!A!!!!#!!iQ)zzz!!!$$z!!*3~	
TTTTCCACG/CGTGGAAAA	0	8	8	0	-3.3	2	!!E9%!!3-cz#QOi)zz!!!!%!!!!Az!!",Azzzzzzz!!!!)~	
TGTTCCACG/CGTGGAACA	0	9	9	1	-3.0	3	!"o83z!!%NLJ,fQLzzz!!!"L!'gMazzzz!"],1&-)\1z#Q~	zzzzzzzzzzzz"9~
TCTTCCAC/GTGGAAGA	0	25	25	2	-6.8	4	+92BA!!!"L!"],1&-)]\!!!9)zKE(uP!'#K/zJHPrQ+96ol!!E9%!!3-#!!!!"!'gMaz!!!!%+92BA!!*?~	zzzzzzzzzzzzz#S6~
GTGGAGGA/TCCTCCAC	0	13	13	0	-4.9	5	#QOii!.Z0lzz!!!!A!!!!#!!iQ)zzz!!!$4!!",A!!*3~	
TGTTCCAC/GTGGAACA	0	13	13	1	-4.2	6	!"o83z!!%NLJ,fQLzzz!!!"L!'gMazzzz!#,D5&0LrRz#QOi)z!'g~	zzzzzzzzzzzz"9~
GAGGAAGA/TCTTCCTC	0	7	7	0	-3.0	7	z!'gMazzzz!.Y%Lzz!.Y%Lz!!!!)z!!!!%z!!!"Lzz!!%N~	
GTGGAGCA/TGCTCCAC	0	15	15	1	-4.9	8	!!!9)!!!9)&-)\1!!E9=5QCcaz!!!!1!<<*&!!!-=!!!!)zzJ,~	zzz#Q~
TGGAAGGA/TCCTTCCA	0	13	13	0	-4.9	9	![%ICzzz!!kgi!<<*"z!'gMa!!%O7zzz!!E9%z!WW3#z!!!-%!!!!%!"]~	
TCGTTCCA/TGGAACGA	0	13	13	1	-4.2	10	zzzzzz!!!$#&-)\1!.Y%lz!!!'3!"],9z!!!-%"98Ee"9~	zzz!!E~
GTCTTCCA/TGGAAGAC	0	10	10	1	-3.3	11	+92BAz!"],1z!!!9*zJ,fQL!$D7A!!#7a!WW3#+92BAzzzzz!!!!%~	zzzzzzzzzzzzz!"]~
GGCTTCCA/TGGAAGCC	0	8	8	0	-3.3	12	!!!'#!<<*"zz!'gMa#QOi)!!E9%zzzzzzzz!!!9)J04~	
%%%
0 8 0 9 7 9 0 8 7 9 7 0 9 8 7 0 0 8 7 9 8 7 7 7 0 0 7 0 8 7 9 0 8 7 0 7 7 7 0 7 0 7 7 7 10 9 10 9 0 0 7 9 7 9 7 7 0 7 0 7 0 8 7 8 0 7 0 10 9 7 7 0 0 0 0 0 9 0 0 0 10 0 7 7 7 0 0 9 0 7 0 0 8 0 0 0 0 0 7 7 8 7 8 9 0 0 9 8 0 8 0 0 0 0 0 0 7 0 7 7 0 7 0 9 8 7 0 10 0 0 7 8 7 7 9 10 0 7 7 8 7 0 8 7 8 0 7 9 7 0 8 0 8 0 0 0 10 9 8 7 10 7 7 11 11 7 7 0 7 0 7 0 0 10 0 0 0 7 0 0 7 0 0 0 0 9 7 7 0 0 0 7 0 7 8 0 7 8 0 9 7 11 11 9 0 7 0 7 8 7 7 0 10 0 0 0 8 0 7 8 9 0 0 7 9 7 0 7 9 7 7 7 10 0 0 8 8 9 8 0 7 0 0 0 7 0 7 8 7 8 8 9 0 7 7 9 0 0 0 7 0 7 0 7 10 0 7 0 0 0 9 9 0 0 9 0 0 0 8 8 0 0 7 9 8 9 8 10 8 8 7 0 0 0 0 8 7 7 8 0 0 0 7 10 0 7 7 0 11 7 0 7 7 0 10 10 7 8 0 0 8 0 0 8 0 9 10 7 0 0 0 8 8 0 8 0 9 11 0 0 0 0 0 8 0 9 0 0 9 0 0 7 0 0 0 7 0 0 0 7 8 0 8 7 9 7 0 7 7 0 0 0 7 8 0 0 0 0 0 9 0 0 0 8 0 0 0 7 8 0 7 8 9 8 8 8 7 7 7 0 0 0 9 7 7 7 7 7 0 0 0 0 0 7 8 7 0 0 7 8 0 0 0 9 0 0 8 7 10 7 0 7 0 7 9 0 8 0 7 0 8 8 10 8 7 7 7 0 0 8 9 8 9 0 7 7 0 7 8 0 0 8 8 0 7 0 0 0 7 0 0 7 8 0 0 7 7 0 11 7 0 0 8 0 0 7 7 7 0 0 7 7 0 0 7 0 7 0 7 8 0 7 7 7 10 0 0 0 0 7 8 7 8 0 0 9 7 0 0 8 0 0 0 0 0 8 0 8 8 0 8 8 0 8 0 0 8 0 9 7 0 0 8 0 0 7 0 0 0 8 7 0 7 7 7 8 0 0 7 8 7 7 0 0 7 10 0 8 0 0 8 7 0 0 8 0 0 0 0 0 0 0 7 7 8 0 7 7 8 0 8 0 0 7 8 8 0 0 10 7 
0 0 0 0 0 0 0 0 0 0 0 0 0 0 0 0 0 0 0 0 0 0 0 0 0 7 0 0 7 0 0 0 0 0 0 0 0 7 0 7 0 0 0 0 0 0 7 0 0 0 0 0 0 0 8 0 0 0 0 0 0 0 7 0 0 0 0 0 0 0 0 0 0 0 0 0 0 0 0 0 0 0 0 0 0 0 0 7 0 0 0 0 0 0 0 0 0 7 0 8 0 0 0 0 0 0 9 0 7 0 0 0 0 0 0 0 0 0 0 0 0 0 0 0 0 0 0 0 0 0 0 0 0 0 0 0 0 0 0 0 0 7 0 0 0 0 0 0 0 0 7 0 0 0 0 0 0 0 0 0 0 0 0 7 0 0 0 0 0 0 0 0 0 0 0 0 0 0 0 0 0 0 0 0 0 0 0 7 0 0 0 0 0 0 0 0 0 0 0 7 0 0 0 0 0 0 0 0 0 0 0 0 7 0 0 0 0 0 0 0 0 0 0 0 0 0 0 0 0 0 0 0 7 0 0 0 0 0 0 0 0 0 0 7 0 0 0 0 0 0 0 7 0 0 0 0 0 0 0 0 0 0 0 0 7 0 0 0 0 0 0 0 0 0 0 7 0 0 0 0 0 0 0 0 7 0 0 0 0 0 0 0 0 0 0 0 0 0 0 0 0 0 0 0 0 0 0 0 0 0 0 0 0 0 0 0 0 0 0 0 0 0 0 0 0 0 0 0 0 0 0 0 8 0 0 0 0 0 0 0 0 0 0 0 0 0 0 0 0 0 0 0 0 0 0 0 0 0 0 0 0 0 7 0 0 0 0 0 0 0 0 0 0 0 0 0 0 0 0 0 0 0 0 0 0 0 9 0 0 0 0 0 0 0 0 0 0 0 0 0 0 0 0 0 0 0 0 0 0 0 0 7 0 0 0 0 0 0 0 10 0 7 7 7 0 0 0 0 9 0 0 0 0 0 0 0 7 0 0 0 0 0 0 0 0 0 0 7 0 0 0 0 0 0 0 0 0 0 0 0 7 0 0 0 0 0 0 0 0 0 0 7 0 0 0 0 0 0 0 8 0 0 0 0 0 0 0 0 0 0 0 0 0 0 0 0 0 7 0 0 0 7 0 0 0 0 7 0 0 7 0 0 0 0 0 0 0 0 0 0 0 0 0 0 0 0 0 0 0 0 0 0 0 0 0 0 0 0 0 0 0 7 0 0 0 7 0 0 0 0 7 0 0 0 0 0 0 0 0 0 0 0 0 0 0 0 0 0 0 7 7 0 0 0 0 0 0 0 0 0 0 0 0 0 0 0 0 0 0 0 0 0 0 0 0 0 0 0 0 0 
1.1632 1.1210 1.1117 1.1243 1.1338 1.1027 1.1631 1.0769 1.0980 1.1763 1.0942 1.1061 1.0846 1.0946 1.0842 1.0653 1.0854 1.1110 1.0871 1.0946 1.0380 1.0466 1.0879 1.0510 1.0300 1.0630 1.1248 1.0594 1.0414 1.0590 1.0377 1.0692 1.0624 1.0222 1.0405 1.1165 1.0921 1.0470 1.0579 1.0310 1.0433 1.0342 1.0743 1.0180 1.0186 1.0513 1.0343 1.0323 1.0770 1.0478 1.0827 1.0175 1.0710 1.0520 1.0632 1.0945 1.0845 1.0978 1.0301 1.0378 1.1330 1.0364 1.0283 1.0193 1.0245 1.0192 1.0690 1.0897 1.0798 1.0116 1.0386 1.0377 1.0505 1.0381 1.0158 1.1275 1.0145 1.0566 1.0527 1.0346 1.0405 1.0408 1.0333 1.0375 1.0131 1.0462 1.0579 1.0729 1.0125 1.0913 1.0913 1.0532 1.0999 1.0672 1.0955 1.0905 1.0395 1.0431 1.0446 1.0598 1.0766 1.0142 1.0899 1.0846 1.0259 1.0424 1.0587 1.0829 1.0689 1.0380 1.0522 1.0385 1.0739 1.0736 1.0506 1.0259 1.0022 1.0344 1.0001 1.0011 1.0847 1.0052 1.0200 1.0206 1.0149 1.0149 1.1081 1.0516 1.0680 1.0820 1.0259 1.0567 1.0101 1.0326 1.1312 1.0499 1.0847 1.0380 1.0380 1.0603 0.9977 1.0311 1.0480 1.0210 1.0108 1.0593 1.0006 0.9964 1.0478 1.0625 1.0587 1.0116 1.0960 1.0278 1.0631 1.0268 1.0555 1.0185 1.0114 1.0025 1.0363 1.0247 1.0011 1.0430 1.0370 1.0238 1.0739 1.0478 1.0114 1.0280 1.0621 0.9961 1.0313 1.0163 0.9940 1.0001 1.0333 1.0649 1.0444 1.0238 1.0113 1.0487 1.0918 1.0546 1.0479 1.0086 1.0684 1.0237 1.0235 1.0101 1.0227 1.0349 1.0091 1.0308 1.0800 1.0219 1.0192 1.0286 1.0335 1.0158 1.0072 1.0671 0.9939 1.0396 1.0326 0.9991 1.0319 1.0037 1.0377 1.0181 0.9898 0.9911 0.9894 1.0308 1.0032 1.0111 0.9896 0.9892 1.0283 1.0101 1.0097 1.0654 1.0152 0.9921 1.0454 1.0149 1.0080 1.0262 1.0259 0.9918 1.0516 1.0059 0.9862 0.9857 0.9855 1.0120 1.0504 1.0186 1.0241 1.0111 0.9814 0.9877 0.9943 0.9806 0.9841 0.9838 0.9836 1.0075 0.9917 0.9853 0.9785 0.9784 0.9847 0.9995 0.9841 0.9797 1.0119 1.0171 1.0196 0.9981 0.9971 0.9759 0.9896 0.9798 0.9903 1.1082 1.0200 1.0032 1.0203 1.0269 0.9750 0.9973 0.9808 0.9801 0.9759 0.9960 1.0251 0.9739 0.9851 1.0067 0.9732 0.9919 1.0602 0.9716 1.0062 0.9774 0.9707 1.0101 1.0081 0.9960 0.9772 1.0513 0.9917 1.0130 0.9719 1.0012 0.9763 0.9681 1.0064 1.0196 1.0291 1.0411 0.9924 0.9890 1.0052 1.0207 0.9669 0.9887 1.0052 0.9756 0.9828 1.0258 0.9727 1.0041 0.9808 1.0277 0.9890 1.0227 1.0655 0.9976 0.9967 0.9841 0.9689 0.9879 0.9726 1.0303 0.9816 1.0210 0.9896 1.0090 0.9744 0.9650 0.9896 1.0079 0.9949 1.0122 0.9841 0.9715 0.9639 0.9637 0.9636 0.9630 0.9955 0.9717 0.9682 0.9985 0.9785 0.9960 1.0485 0.9630 0.9626 0.9977 1.0528 0.9688 0.9680 0.9674 0.9618 1.0061 1.0111 0.9612 0.9688 0.9991 0.9939 0.9679 0.9750 0.9948 0.9673 1.0149 1.0073 0.9922 1.0001 0.9667 0.9637 1.0224 0.9590 0.9583 0.9583 1.0058 0.9715 1.0035 1.0083 0.9941 0.9541 0.9580 0.9580 0.9578 0.9747 0.9585 0.9532 1.0135 0.9597 0.9667 0.9663 0.9524 0.9522 0.9566 0.9546 0.9655 0.9723 0.9676 0.9954 1.0221 1.0002 0.9904 0.9535 0.9580 0.9570 0.9597 0.9655 1.0322 0.9528 0.9487 0.9718 0.9565 1.0150 0.9539 0.9924 0.9867 0.9996 0.9504 0.9725 0.9815 1.0042 0.9495 0.9808 0.9575 0.9563 0.9481 0.9621 0.9846 1.0074 1.0139 0.9475 0.9541 0.9508 0.9618 0.9845 0.9456 0.9459 0.9449 0.9434 0.9429 0.9815 1.0462 0.9808 0.9501 1.0481 0.9697 0.9537 0.9987 0.9981 0.9572 0.9871 0.9715 0.9524 0.9528 0.9484 0.9448 0.9541 0.9441 0.9703 0.9490 0.9453 1.0028 0.9580 1.0081 0.9618 0.9465 0.9529 0.9639 0.9420 0.9452 0.9809 1.0111 0.9525 0.9681 0.9580 0.9664 0.9406 0.9377 0.9461 1.0152 0.9511 0.9716 0.9579 0.9344 0.9373 0.9470 0.9378 0.9918 0.9553 0.9453 0.9553 0.9449 0.9845 0.9353 0.9655 0.9377 0.9608 0.9349 0.9337 0.9792 0.9789 0.9684 0.9581 0.9372 0.9552 0.9779 0.9478 0.9409 0.9292 0.9503 0.9758 0.9583 1.0056 0.9516 0.9481 0.9461 0.9260 0.9580 0.9269 0.9762 0.9348 0.9703 0.9267 0.9315 0.9505 0.9433 0.9679 0.9816 0.9251 0.9250 0.9247 0.9664 0.9414 0.9297 0.9307 0.9414 0.9793 0.9626 0.9398 1.0001 0.9231 0.9220 0.9721 0.9418 0.9350 0.9291 0.9289 0.9231 0.9262 0.9258 0.9337 0.9166 0.9360 0.9200 0.9447 0.9197 0.9192 0.9164 0.9246 0.9233 0.9232 0.9176 0.9173 0.9171 0.9169 0.9294 0.9362 0.9406 0.9231 0.9521 0.9567 0.9350 0.9169 0.9167 0.9164 0.9618 0.9469 0.9124 0.9216 0.9207 0.9108 0.9690 0.9392 0.9141 0.9140 0.9210 0.9492 0.9319 0.9289 0.9165 0.9605 0.9166 0.9496 0.9741 0.9162 0.9406 0.9153 0.9145 
