#bZIP13_S8_L002_R1_001_1.m1
#KSM version: 1
#600/600
#2.98
#k-mer/r.c.  	Offset	PosCt	wPosCt	NegCt	HgpLg10	CIDs	PosHits (base85 encoding)	NegHits (base85 encoding)
ACGTGG/CCACGT	-3	258	258	35	-56.5	*	?!_p!S0><tPOK]23-aETFh$SmY&UJg"\.8h$l9F&e\HQ0[gkn>!Co]SW+r!K``8*XdIIiF?ig4^<PY>-2BW82WK\0+%)Td~	!'h\-!.Y%L!!!!B,QIfE!!!!#!!!!""TT)6!WW3#&HDe2!<=5B!.Y%M5QH<7!!E9%!'h(u"98E%!!",C!!!-%!#5J:!.Y~
TGGAAG/CTTCCA	0	126	126	13	-28.0	*	64a],!FasfOgH<?$oh>n!<>@b!$hSY7tMpMM\$1A&ZRMt"P&#j#U06k!!"^'J/T%f!('LM&-O*]QiU$6![80Y"9:[e"9Lg~	!!3-#!<<*"zzz5QCg-z!!!!azz!!3-#!!*'"!!iQ)!!!!%!<@WM#Q~
TGGAAC/GTTCCA	0	115	115	21	-19.1	*	/PJD0L_L=h+9DQD#)NHd!!nkn!!3]3L]@RP:aBQP+9;Io&;U<2@YdF&&-*%]?iUHT+G_0`JiEa>"sO&'&J.?`E$,8r!!&Y~	zzz!!!!%!!E9%zz!.Y%LJ,g_mz!!!!"#QOi)!"]23!!iQ)&-*7Qz!XJc+!!!!7!!"/~
TGGAANC/GNTTCCA	0	90	90	13	-17.0	0,1,2	N.A.	N.A.
TGGAANG/CNTTCCA	0	69	69	10	-13.1	-3,4	N.A.	N.A.
TGGAANT/ANTTCCA	0	63	64	9	-12.4	5,6	N.A.	N.A.
GGAAGC/GCTTCC	1	52	52	12	-7.6	*	!!!QC!!",A)NY"##TuqH!<<*"!!!$f!rr<$!!!<0!!jhO!'geiKE)<$!!!R\!!3-#!!#7o!$D7AJ,hh7!!3-7"98E%'E~	z!<<*"z!$D7Az!!!!)zz5QCcaJ,fQP!!3-#!<<*"!.Y%L!<<*"!<@W~
GGAAGT/ACTTCC	1	52	52	19	-5.1	*	:]LJ-!?iWiJ-5j;"W.LF&-)\1!$hOM7">>($NL/L&>C'Ezzz!"]?"z!!!!)#QZW0!!!!5z!$D~	z!$D7A!!3-#!WW3#z5QCeW!!",A!<<Zr!$D7Az5QCcaz!!iQ*!!!!%!!!!)#QOi)!!3-#z+9~
TGGNAGT/ACTNCCA	0	50	51	6	-10.9	7,6	N.A.	N.A.
TGGAANA/TNTTCCA	0	47	48	6	-10.1	8,-9	N.A.	N.A.
GGAAGA/TCTTCC	1	43	43	9	-6.9	*	&/"sC!!!!A!<=5B!"]/4!!#Oi!!!Q1!!",A!"^+M!!",A";$(`!$WNc&-*gQ!!#7f5_&h7&3p3q&-*gQ!?_@B#Ts-J!!5O~	z#QOi)z!WW3#z!!!'#!.Y%P!'gMazz!$D7A!!*'"zzzzzz"9~
TGGANGG/CCNTCCA	0	42	42	4	-9.9	10,4	N.A.	N.A.
GGAAGNA/TNCTTCC	1	41	41	5	-8.9	-11,12,-13	N.A.	N.A.
TGGAANNA/TNNTTCCA	0	30	31	1	-9.8	14,15,-16	N.A.	N.A.
GGAANCT/AGNTTCC	1	26	26	2	-7.1	-17,-18	N.A.	N.A.
GAAGTNG/CNACTTC	2	16	16	1	-5.2	19,-20	N.A.	N.A.
$$$
TGGAAGC/GCTTCCA	0	37	37	4	-8.5	0	!!!QC!!",A&<Hqn#TuqH!<<*"!!!$b!rr<$!!!<0!!j\K!'gMa!!!!A!!!R\!!3-#!!#7ezJ,hh7!!3-#"98E%"9~	z!<<*"zzzzzzzz!!3-#zzz!<@W~
TGGAACC/GGTTCCA	0	29	29	4	-6.3	1	!!iQ)#S[7=!!!$"!.Y1P!!!!%!!!Q1z!!E9%!!!"L!!iQ)!XJc+z+92Zi+92EBJcGcN![%Jn!!!-%?m#F\~	zzzz!!E9%zzzzzz#QOi)!"],1zzz!W~
TGGAATC/GATTCCA	0	25	25	5	-4.6	2	J,fTM!!*'*z!!!$2!.Y&7!!!!#zzz!Wi?%!!"DN!!!!A!!#8,&-)\1!!!9)#_2mT!$D7A!.Y%L!!%N~	z"98E%zzz!!!!1zzzzzz!!!!Azz!"],1z!!!'~
CGTTCCA/TGGAACG	0	37	37	7	-6.5	3	.0'>J!!!?kz!WW3#!!!3'zL]@FL5QCca!!!!#&-)\Q?iWHB!!!!Az!/M`t!&+Bq!!3-#&HG(H!!!-'!!%N~	zzzzzzz!.Y%L!!!$"zzzzz&-)\Azz!!!!3!!!$~
TGGAAGG/CCTTCCA	0	32	32	3	-7.9	4	!WW3c!!'e7J04h7zz!!E9E!!3-#J,fQL!<<*2!/1D@#QOi)zJ-Z\f!(%5^!!FDEz!WWc3!!#7~	!!3-#zzzz!!!$"zzzzzz!!i~
TGGAACT/AGTTCCA	0	24	24	4	-4.9	5	z!!!!%!!3-#":5&3!!!Q1!!3-#z&0N(q+9;HB!.Y%M!!!-%!!!'%zz!"],s"98E-~	zzz!!!!%zzzz!!",Az!!!!"zzzzzz!!!!%~
TGGAAGT/ACTTCCA	0	41	41	5	-9.1	6	5QCcr!?iWeJ-5j;";hCEz!$D7I7">>($NL/L&>B^;zzz!"]2sz!!!!)#QYKe!!!!%~	zzzzz5QCd,z!!!!azzzzz!!!!%z#Q~
TGGCAGT/ACTGCCA	0	9	9	1	-3.0	7	z+96ol!!!'#zz#QOi)!<<*"zz!!3-#!!!!azzz!!",Azz!!!!%~	zzzzzzzzzzzzzzzzz!$D~
TGGAAGA/TCTTCCA	0	22	22	1	-7.0	8	!"],1z!<=5B!"],3!!#7az!!",A!"]D9!!",A";$(`!$VCC!!",A!!!!"z&-)\1&-)\1!$D7Az!!5C~	zzzzzzzzzzz!!*~
TGTTCCA/TGGAACA	0	25	25	5	-4.6	9	"@PKTJ,f]S+92BAz!!n)Tz#QOu-!!!-&z!!!!#!.Y%L&-)t95QCca!!!!A!!iQ)z!"],1&-)\1!!",~	zzzzzzzzzzzz!!!'#!!iQ)!!!Q1z!!iQ)z!!",~
TGGAGGG/CCCTCCA	0	10	10	1	-3.3	10	zz!!%NL!!!"Lzzz!!*'"!!!9)!!#Oizzz!WW3##QOi)zz!!!!%!!!'~	zzzzzzz!!!!a~
TACTTCC/GGAAGTA	0	16	16	1	-5.2	11	z!?iQgJ,fQL"98E%zz"98Kg#QOiI&-)\1zzzzzz#QPtI!!!!1~	zzzzz5Q~
GGAAGAA/TTCTTCC	0	12	12	1	-3.9	12	!!3-#z!!",A!!!!#zzz!!!Q1z!"],1!!",Az!!!!"z&-)\1!!",A!<<*"!!!$"!!3~	zzzzzz!!!!%~
TGCTTCC/GGAAGCA	0	15	15	3	-3.2	13	!!!Q1z!"],1#QOi)z!!!$b!rr<$z!!!!#!!!9)z!!!Q1!!3-#z!$D7A!!#7a!!!!1z&-~	zzz!$D7Azzzz5QCcazz!<~
TGGAAGCA/TGCTTCCA	0	10	10	0	-3.9	14	!!!Q1z!"],1#QOi)z!!!!a!rr<$z!!!!#zz!!!Q1!!3-#zz!!#7~	
TGGAACCA/TGGTTCCA	0	7	7	0	-3.0	15	z!!E9%!!!$"zz!!!Q1zzzzzzz+92BAz!WW3#z5Tg~	
TACTTCCA/TGGAAGTA	0	13	13	1	-4.2	16	z!?iQcJ,fQL"98E%zz"98Kg#QOiI&-)\1zzzzzz#Q~	zzzzz5Q~
AGCTTCC/GGAAGCT	0	14	14	1	-4.6	17	!!!!1!!",A!WW3#!!#gqzzz!!!<0zz!!!!A!!!"Lz!!!!-zz!!!!%~	zzzzzzzzzzzzzz!!%N~
AGATTCC/GGAATCT	0	13	13	1	-4.2	18	!!!$"!!*'"z!!!$"z!!!!#zzz+92BA!!",e&-)\1zz!!!9)!.Y%LzzJ,k*~	zzzzzzzzzzzzzz!!E~
GAAGTTG/CAACTTC	0	9	9	1	-3.0	19	zzzzz!!E9%!.Y%Lz!!3-#zzz!$DmSzzzz&:al~	zz!<~
CTACTTC/GAAGTAG	0	7	7	0	-3.0	20	zzJ,fQLzzzz#QR+4z!!!$"z!!!-%zzz!!",~	
%%%
7 7 7 7 6 7 7 6 0 6 7 7 7 0 7 0 7 0 6 0 8 6 7 0 7 7 6 0 8 0 7 6 8 6 0 7 6 6 0 7 8 0 8 0 7 8 6 6 0 7 7 7 0 8 7 7 7 7 7 6 6 6 7 0 7 7 6 6 7 7 6 7 0 7 7 6 8 7 0 7 8 7 0 0 0 8 0 6 0 0 0 0 0 7 7 0 6 7 7 8 0 6 0 6 7 0 0 7 7 7 6 7 7 0 7 7 8 0 8 0 7 8 7 0 6 6 0 6 7 0 6 0 6 0 6 0 0 0 6 7 0 0 0 6 0 7 7 6 7 0 7 7 6 6 7 0 0 6 6 6 0 6 0 6 0 0 6 0 6 7 7 0 0 7 6 0 7 6 6 0 8 6 0 6 0 7 6 7 0 7 8 6 8 8 8 7 0 0 7 7 0 7 6 0 0 6 0 8 0 8 7 6 0 7 6 0 6 7 0 6 0 7 8 7 7 7 0 9 7 6 7 7 6 6 7 0 7 7 0 0 8 0 7 8 7 7 6 0 7 8 8 0 0 9 0 0 7 0 0 0 8 7 0 0 7 8 0 7 0 7 6 7 0 6 6 6 7 7 0 0 6 8 0 6 7 6 0 7 6 6 7 0 7 6 0 6 7 6 7 7 8 0 7 7 6 6 6 6 0 0 6 7 7 7 7 0 6 7 7 0 6 7 6 7 6 7 7 6 0 7 0 7 0 7 6 7 6 6 7 6 6 7 7 6 6 6 7 6 0 8 6 7 0 0 0 0 7 6 0 6 6 6 0 0 0 6 0 0 0 7 6 7 8 7 0 6 6 7 6 0 6 7 0 8 0 0 0 6 0 7 7 7 0 8 6 7 7 6 0 0 0 8 6 7 7 0 6 6 8 7 6 6 0 7 7 0 6 6 6 0 6 8 6 6 0 7 6 7 0 6 7 7 7 0 0 0 7 7 7 6 6 6 8 7 6 7 7 0 0 7 0 6 8 6 6 7 0 6 7 7 7 7 6 0 6 0 0 7 6 7 0 0 0 7 6 7 6 7 7 6 6 8 7 8 7 0 6 7 7 7 0 0 0 7 6 7 6 6 0 6 7 8 8 6 6 6 0 7 0 0 6 7 7 7 0 0 7 0 0 0 0 7 0 0 7 7 0 0 0 0 7 0 7 0 7 6 0 0 7 0 7 0 0 7 6 6 7 6 7 7 8 0 0 0 6 0 6 8 6 6 7 6 7 0 6 6 7 6 0 7 6 0 7 6 6 0 0 0 7 0 7 6 0 6 0 8 0 0 0 6 6 0 0 6 6 0 0 7 7 7 
0 0 0 0 0 0 0 0 0 7 0 6 0 0 0 0 0 0 0 0 0 0 0 0 0 6 0 0 0 0 0 6 7 0 6 6 0 6 0 0 0 0 0 0 0 6 0 0 0 0 0 0 0 0 0 6 0 0 0 0 0 0 6 0 6 0 0 0 6 0 0 0 0 6 0 6 0 0 0 0 0 0 0 0 0 0 0 0 6 0 0 0 0 6 6 0 0 6 6 0 0 6 0 0 0 0 0 0 0 7 0 0 0 0 0 0 0 0 6 0 0 0 7 0 6 0 0 0 0 0 0 0 0 0 0 0 0 0 7 0 0 6 0 0 0 6 0 0 0 0 0 0 0 6 0 0 0 0 6 0 0 0 0 0 0 6 8 0 0 0 0 0 0 0 0 0 7 6 0 0 0 0 0 0 6 0 0 6 6 7 0 6 0 6 6 0 0 0 0 0 0 6 0 0 6 0 0 6 0 0 0 0 6 6 0 0 0 0 7 0 0 0 6 0 6 6 0 0 0 0 0 0 0 0 0 0 0 0 6 7 0 0 0 0 6 0 0 0 0 0 0 0 6 6 7 0 0 0 0 0 0 0 7 6 0 0 0 0 0 6 6 0 7 0 0 6 6 7 0 0 0 0 6 0 0 0 0 6 6 6 6 0 0 6 0 6 0 6 6 0 0 0 0 0 0 6 0 0 0 0 0 0 0 0 6 0 0 0 0 6 0 0 0 0 0 0 6 0 6 7 0 0 0 6 0 0 0 6 0 0 0 0 0 0 7 0 0 0 6 0 0 0 7 0 0 7 6 0 6 0 7 0 0 0 0 0 0 0 6 0 0 0 0 0 0 6 6 6 6 0 0 0 0 0 0 0 6 0 0 6 6 0 6 0 6 7 7 6 0 6 0 7 0 0 6 0 0 0 6 0 0 6 0 6 0 0 6 0 0 0 0 0 6 0 0 0 0 7 0 0 0 0 0 0 0 0 6 0 0 0 0 0 7 0 0 0 0 0 7 0 0 0 7 0 0 0 0 0 6 0 0 0 0 0 0 0 6 0 7 0 0 8 0 0 0 6 7 0 0 6 0 0 0 7 0 0 0 0 0 0 0 0 6 0 0 0 0 0 0 0 0 6 0 0 0 6 0 0 0 0 0 0 0 7 0 0 0 0 0 0 0 6 0 7 0 0 0 0 0 0 0 0 0 0 0 0 0 0 0 0 0 0 0 0 0 6 0 0 0 0 0 0 6 0 6 0 0 6 0 0 0 6 0 0 0 0 0 0 0 7 7 0 7 0 0 0 0 0 6 0 0 6 0 0 0 0 0 0 0 0 0 0 7 0 0 0 0 7 0 0 
1.1325 1.0970 1.1402 1.1519 1.0996 1.0769 1.1146 1.0565 1.1057 1.1052 1.1339 1.1276 1.0839 1.0498 1.0357 1.0878 1.1122 1.0648 1.0511 1.0673 1.0164 1.0943 1.0642 1.0623 1.0755 1.0872 1.0996 1.0816 1.1073 1.1022 1.0752 1.0740 1.0571 1.0505 1.0660 1.0625 1.1235 1.0414 1.0414 1.0335 1.0722 1.0810 1.0667 1.0505 1.0660 1.0519 1.0970 1.0746 1.0364 1.0220 1.0578 1.0986 1.0932 1.0545 1.1037 1.0746 1.0429 1.0204 1.0538 1.0538 1.0310 1.0697 1.0357 1.0297 1.0407 1.0856 1.1351 1.0349 1.0571 1.0571 1.0690 1.0230 1.0131 1.0558 1.0551 1.1032 1.0114 1.0114 1.1160 1.0429 1.0131 0.9985 1.0810 0.9985 1.0098 1.1047 1.0850 1.0003 1.0560 1.0844 0.9994 1.0220 1.0954 1.0610 1.0212 1.0604 0.9930 1.0055 1.0196 1.0251 1.0282 1.0114 1.0371 1.0364 0.9976 1.0407 0.9940 0.9931 1.0923 1.0220 1.0220 1.0386 1.0158 1.0654 1.0822 1.0335 0.9994 1.0003 1.0204 1.0259 1.0484 1.0436 1.0804 1.0188 1.0312 1.0629 1.0357 0.9884 0.9912 1.1052 1.0616 0.9958 1.0164 1.0290 1.0648 1.0505 1.0335 1.0591 0.9912 1.0532 1.0072 1.0379 1.0131 1.0710 1.0180 1.0180 1.0243 1.0290 1.0046 1.0604 1.0164 1.0642 1.0728 1.0282 1.0282 1.0038 1.0393 1.0922 1.0450 1.0450 1.0450 1.0591 1.0638 1.0386 1.1052 1.0327 0.9903 1.1146 1.0172 0.9930 1.0342 1.0429 1.0209 0.9855 1.0470 1.0364 1.0064 0.9868 1.0188 1.0518 1.0414 1.0182 1.0511 1.0349 1.0314 1.0012 1.0228 0.9826 1.0151 0.9976 1.0098 1.0038 1.0443 1.0498 1.0673 1.0220 1.0029 1.0578 0.9958 0.9836 0.9826 1.0429 1.0148 1.0153 1.0518 1.0470 1.0775 1.0131 1.0131 1.0545 1.0251 0.9846 1.0422 1.0297 1.0769 1.0180 0.9912 0.9882 0.9884 0.9957 0.9985 0.9921 1.0172 1.0038 1.0282 1.0584 1.0623 1.0228 1.0029 1.0353 0.9994 1.0098 1.0148 0.9958 1.0406 1.0371 1.0020 1.0259 1.0259 1.0320 1.0215 1.0012 0.9949 1.0734 0.9884 0.9931 1.0064 1.0064 0.9787 0.9787 1.0064 1.0379 1.0297 1.0220 1.0180 1.0290 1.0106 0.9912 1.0046 1.0046 1.0327 1.0429 1.0164 1.0124 1.0320 1.0267 1.0267 1.0511 0.9817 0.9949 1.0251 1.0704 1.0436 1.0055 0.9921 1.0046 0.9716 0.9912 1.0518 1.0020 1.0511 1.0327 1.0327 0.9903 0.9976 1.0098 1.0033 0.9757 1.0139 1.0246 0.9958 1.0629 0.9982 1.0131 1.0243 0.9642 1.0123 1.0156 1.0477 1.0064 0.9976 0.9726 0.9726 0.9658 0.9706 0.9930 0.9846 0.9716 0.9716 0.9777 1.0194 1.0038 0.9767 0.9826 0.9921 0.9695 0.9903 0.9965 0.9949 1.0072 0.9747 0.9695 0.9695 0.9753 0.9737 0.9949 1.0196 1.0066 1.0172 0.9747 1.0371 0.9865 0.9994 1.0292 0.9674 1.0545 0.9757 1.0088 0.9610 1.0131 1.0267 1.0290 1.0029 1.0188 1.0233 0.9632 1.0072 0.9747 0.9884 0.9588 0.9664 0.9817 1.0003 0.9626 0.9664 1.0357 1.0055 0.9653 0.9716 0.9797 1.0349 0.9747 1.0156 1.0204 0.9903 0.9787 0.9566 1.0203 0.9912 0.9695 0.9893 0.9554 0.9817 0.9674 0.9509 0.9509 1.0281 0.9747 1.0098 0.9706 0.9520 1.0105 1.0188 1.0212 1.0081 0.9588 0.9543 0.9862 1.0072 0.9695 0.9520 0.9849 0.9826 0.9577 0.9543 0.9903 0.9588 0.9486 0.9486 0.9450 0.9957 1.0046 0.9554 0.9664 0.9472 0.9822 0.9656 0.9737 0.9480 0.9486 0.9757 0.9874 0.9695 0.9509 0.9695 0.9777 0.9846 0.9912 0.9836 0.9826 0.9797 0.9438 0.9428 0.9480 0.9480 0.9402 0.9450 0.9588 0.9903 0.9426 0.9846 0.9865 0.9846 0.9706 0.9733 0.9757 0.9377 0.9509 0.9402 0.9402 0.9450 0.9632 0.9817 0.9438 0.9797 0.9402 0.9352 0.9826 0.9566 0.9652 0.9497 1.0003 0.9695 0.9426 0.9767 0.9404 0.9336 0.9985 0.9543 0.9390 1.0188 0.9747 0.9352 0.9900 0.9340 0.9509 0.9478 0.9377 0.9726 0.9327 0.9846 0.9563 0.9390 1.0058 0.9626 0.9642 0.9664 0.9327 0.9318 0.9610 0.9695 0.9737 0.9967 0.9302 0.9797 0.9377 0.9884 0.9289 0.9327 0.9797 0.9587 0.9940 0.9438 1.0236 0.9621 0.9314 0.9599 0.9474 0.9664 0.9438 0.9390 0.9212 0.9520 0.9874 0.9917 0.9302 0.9443 0.9196 0.9223 0.9610 0.9802 0.9327 0.9941 0.9236 0.9196 0.9445 0.9209 0.9236 1.0064 0.9150 0.9459 0.9217 0.9236 0.9335 0.9767 0.9706 0.9154 0.9426 0.9497 0.9474 0.9520 0.9126 0.9122 0.9849 0.9083 0.9083 0.9884 0.9168 0.9112 0.9112 0.9767 0.9314 0.9168 0.9249 0.9757 0.9527 0.9126 1.0196 0.9039 0.9599 0.9474 0.9126 0.9903 0.9033 0.9112 0.9852 0.9140 1.0168 0.9879 0.9263 0.9340 0.9764 0.9039 0.9615 0.9405 0.9497 0.9302 0.8994 0.9069 0.9566 0.9390 0.9154 0.9414 0.9039 0.9325 0.8979 0.8979 0.9554 0.9209 0.9198 0.9024 0.9015 0.9009 0.9426 0.9209 0.9009 0.9532 0.9336 0.9009 0.9438 0.8979 0.8985 0.9232 0.9154 0.9340 0.9577 0.9195 0.9402 0.9549 1.0149 
