Position	IP	Control	Fold	Expectd	Q_-lg10	P_-lg10	P_poiss	IPvsEMP	Noise	KmerGroup	MotifId	KG_score	Strand
_3:683451	  173.4	   67.1	    2.6	  144.1	   1.99	  11.47	   2.07	  -1.04	   0.00	TACGTGGAAG_452/96	0	14.18	+
_26:159353	  120.0	   44.4	    2.7	   95.5	   1.99	   8.64	   2.06	  -0.79	   0.00	GTGGCA_87/25	0	3.10	+
_2:1350611	  118.8	   51.3	    2.3	   94.6	   1.99	   6.79	   2.06	  -1.37	   0.00	ACGTGG_259/35	0	9.79	+
_5:979502	  118.0	   79.8	    1.5	   93.8	   1.98	   2.38	   2.06	  -0.83	   0.00	CACGNGGA_139/6	0	11.94	+
_5:573193	  117.6	   65.6	    1.8	   93.8	   1.98	   4.11	   2.06	  -1.15	   0.00	GTGGAGA_92/22	0	3.62	+
_7:302988	  119.1	   79.8	    1.5	   95.6	   1.98	   2.55	   2.05	  -1.17	   0.00	GTGGAA_228/21	0	11.84	+
_10:322213	  121.8	   75.4	    1.6	   97.3	   1.98	   3.18	   2.05	  -0.91	   0.00	CGTGGA_270/28	0	12.61	+
_18:190080	  155.6	   93.1	    1.7	  128.0	   1.97	   4.28	   2.05	  -1.45	   0.00	ACGTGG_259/35	0	9.79	+
_18:312174	  119.8	   48.8	    2.5	   95.6	   1.97	   7.63	   2.04	  -1.32	   0.00	CNCGTGGA_303/31	0	14.40	+
_21:245687	  161.0	   44.4	    3.6	  132.6	   1.97	  16.08	   2.04	  -0.80	   0.00	ACGTGGAAC_428/73	0	15.57	+
_4:394001	  119.0	   71.0	    1.7	   94.8	   1.96	   3.51	   2.03	  -0.70	   0.00	ATGTGGA_208/13	0	14.08	+
_13:298781	  121.0	   31.0	    3.9	   96.7	   1.95	  12.95	   2.03	  -0.80	   0.00	CGTGGAGG_344/57	0	10.98	+
_18:293215	  130.0	   93.1	    1.4	   95.6	   1.94	   2.02	   3.31	  -0.66	   0.00	ACGTGG_259/35	0	9.79	+
_18:395261	  137.6	  100.9	    1.4	   95.6	   1.93	   2.01	   4.55	  -1.60	   0.00	CACGTGGA_378/55	0	14.28	+
_15:170542	  126.3	   31.0	    4.1	  102.2	   1.93	  14.17	   2.00	  -0.84	   0.00	CGTGGCG_154/33	0	4.83	+
_1:2358931	  126.6	   62.1	    2.0	  102.3	   1.93	   5.70	   2.00	  -0.91	   0.00	ACGTGGCA_351/69	0	9.55	+
_19:223249	  142.7	   75.4	    1.9	  116.7	   1.92	   5.45	   2.00	  -0.76	   0.00	ATGTGGA_208/13	0	14.08	+
_3:1232734	  117.0	   39.9	    2.9	   93.4	   1.91	   9.53	   1.98	  -0.81	   0.00	GCGTGG_66/22	0	2.57	+
_2:35725	  125.2	   90.4	    1.4	   97.3	   1.91	   1.98	   2.53	  -1.29	   0.00	CANGTGGAG_176/22	0	7.88	+
_2:1092645	  129.9	   93.1	    1.4	  105.1	   1.91	   2.02	   1.98	  -0.66	   0.00	ATGTGGA_208/13	0	14.08	+
_22:441917	  140.6	  103.7	    1.4	  102.5	   1.90	   1.97	   3.74	  -0.87	   0.00	GTGGAAC_247/23	0	12.59	+
_25:103640	  127.6	   53.2	    2.4	  103.4	   1.90	   7.69	   1.97	  -0.72	   0.00	CAGGTGGAAA_360/36	0	18.47	+
_22:158486	  117.9	   48.8	    2.4	   94.5	   1.90	   7.32	   1.97	  -0.71	   0.00	GGGTGGAAC_280/30	0	12.74	+
_10:745205	  118.6	   44.4	    2.7	   95.4	   1.90	   8.48	   1.97	  -0.90	   0.00	GTGGAA_228/21	0	11.84	+
_11:20239	  120.0	   86.5	    1.4	   92.3	   1.89	   1.96	   2.61	  -0.63	   0.00	GNGTGGA_60/7	0	4.51	+
_26:328626	  128.0	   71.0	    1.8	  103.6	   1.88	   4.49	   1.95	  -0.59	   0.00	GGTGGAAC_265/26	0	12.93	+
_13:309784	  128.2	   93.1	    1.4	   96.7	   1.88	   1.95	   3.01	  -1.31	   0.00	CTGGAA_46/13	0	2.58	+
_1:172926	  136.4	   45.6	    3.0	  111.8	   1.86	  11.27	   1.93	  -0.97	   0.00	GCGTGGA_304/47	0	10.14	+
_14:620154	  117.0	   53.2	    2.2	   94.8	   1.86	   6.23	   1.93	  -1.06	   0.00	GCGTGGAAG_380/70	0	11.45	+
_4:502284	  117.4	   66.5	    1.8	   94.8	   1.85	   3.96	   1.92	  -0.81	   0.00	TGGAAG_126/13	0	7.29	+
_13:199600	  119.1	   44.4	    2.7	   96.7	   1.85	   8.64	   1.92	  -0.93	   0.00	AGCGTGGA_313/50	0	10.15	+
_4:1345886	  153.8	  115.6	    1.3	   94.8	   1.85	   1.92	   7.82	  -0.89	   0.00	ACGTGGA_351/53	0	12.32	+
_6:670728	  124.6	   58.6	    2.1	  101.2	   1.85	   6.19	   1.92	  -0.98	   0.00	GGTGGAAG_289/36	0	11.62	+
_18:501157	  133.6	   26.5	    5.0	  109.3	   1.84	  17.83	   1.91	  -1.05	   0.00	TACGTGGA_368/72	0	10.25	+
_8:714002	  117.3	   84.3	    1.4	   91.7	   1.84	   1.91	   2.32	  -1.25	   0.00	ACGTGGAAA_420/72	0	14.85	+
_22:417125	  170.0	   84.3	    2.0	  142.1	   1.84	   7.26	   1.91	  -0.72	   0.59	TACGTGGCA_367/87	0	8.36	+
_5:198642	  124.5	   44.4	    2.8	  101.3	   1.83	   9.48	   1.90	  -1.14	   0.00	CANGTGGAAA_302/27	0	15.96	+
_22:442024	  125.4	   38.3	    3.3	  102.2	   1.83	  11.46	   1.90	  -0.90	   0.00	TACGTG_68/24	0	2.48	+
_1:590986	  120.8	   65.2	    1.9	   97.8	   1.82	   4.45	   1.89	  -0.97	   0.00	GTGGCA_87/25	0	3.10	+
_1:1535314	  176.9	   88.7	    2.0	  148.6	   1.82	   7.43	   1.89	  -0.95	   0.00	AACGTGGC_300/52	0	9.00	+
_12:764272	  119.0	   62.1	    1.9	   96.0	   1.82	   4.70	   1.89	  -0.75	   0.00	ACGTGGAAGA_448/87	0	15.24	+
_8:749131	  145.2	   44.4	    3.3	  120.5	   1.81	  13.22	   1.88	  -0.70	   0.00	CTGGAA_46/13	0	2.58	+
_23:374275	  145.2	   53.2	    2.7	  120.5	   1.81	  10.55	   1.88	  -1.34	   0.00	CGTGGCAC_195/42	0	5.40	+
_22:487064	  117.0	   35.5	    3.3	   94.5	   1.79	  10.77	   1.86	  -0.99	   0.00	CGTGGCAG_222/46	0	6.02	+
_3:1341046	  126.4	   37.2	    3.4	  103.6	   1.78	  11.98	   1.85	  -0.86	   0.00	CTGGAA_46/13	0	2.58	+
_26:253006	  117.3	   57.7	    2.0	   95.5	   1.78	   5.45	   1.85	  -1.41	   0.00	CGCGTGGA_336/50	0	11.79	+
_6:1013428	  135.8	   88.7	    1.5	  111.9	   1.77	   2.98	   1.83	  -1.32	   0.00	GTGGAAG_282/34	0	11.65	+
_30:277184	  215.2	   71.4	    3.0	  185.2	   1.77	  17.45	   1.83	  -0.82	   0.00	CGTGGCAG_222/46	0	6.02	+
_1:1272362	  124.2	   91.5	    1.4	   92.5	   1.76	   1.83	   3.13	  -0.60	   0.00	TACGTG_68/24	0	2.48	+
_3:1314286	  117.8	   85.3	    1.4	   93.4	   1.76	   1.83	   2.10	  -1.83	   0.00	ACGTGGAGA_374/72	0	10.68	+
_9:452004	  117.0	   62.1	    1.9	   94.8	   1.76	   4.46	   1.83	  -0.86	   0.00	ACGTGGA_351/53	0	12.32	+
_4:160341	  124.0	   39.9	    3.1	  101.1	   1.76	  10.78	   1.82	  -0.81	   0.00	CGTGGA_270/28	0	12.61	+
_1:2108694	  137.7	   79.8	    1.7	  113.8	   1.76	   4.28	   1.82	  -0.78	   0.00	GTGGCA_87/25	0	3.10	+
_13:124027	  127.0	   39.9	    3.2	  103.8	   1.75	  11.33	   1.82	  -1.01	   0.00	CGCGTGGAAG_401/72	0	12.90	+
_1:113819	  141.7	   22.2	    6.4	  117.4	   1.75	  21.70	   1.82	  -1.29	   0.00	ACGTGGCAG_377/72	0	10.90	+
_5:797473	  129.7	   88.7	    1.5	  106.6	   1.75	   2.47	   1.82	  -1.27	   0.00	CGTGGCAC_195/42	0	5.40	+
_12:229412	  141.0	   71.0	    2.0	  116.6	   1.75	   6.06	   1.81	  -0.65	   0.00	AGCGTGGCG_223/53	0	5.32	+
_3:1167142	  133.6	   99.7	    1.3	   93.4	   1.75	   1.81	   4.33	  -1.24	   0.00	CTGGAA_46/13	0	2.58	+
_6:403349	  133.3	   57.7	    2.3	  110.3	   1.74	   7.68	   1.81	  -0.71	   0.00	CGCGTGGAAGA_405/80	0	11.92	+
_16:116144	  120.4	   88.7	    1.4	   94.7	   1.73	   1.79	   2.28	  -0.96	   0.00	GTGGAG_71/16	0	3.43	+
_27:226112	  134.0	   26.6	    5.0	  110.5	   1.72	  17.83	   1.78	  -0.54	   0.00	GNGTGGAAG_298/38	0	11.76	+
_16:355146	  124.0	   62.1	    2.0	  101.5	   1.72	   5.32	   1.78	  -0.88	   0.00	ACGTGG_259/35	0	9.79	+
_15:138559	  122.4	   60.0	    2.0	  100.6	   1.71	   5.73	   1.78	  -0.97	   0.00	GTGGAAC_247/23	0	12.59	+
_30:204702	  172.0	   62.1	    2.8	  145.3	   1.71	  12.45	   1.78	  -0.90	   0.00	GCGTGGA_304/47	0	10.14	+
_23:386084	  140.7	   84.3	    1.7	  117.0	   1.71	   3.93	   1.77	  -0.81	   0.00	ACGTGGA_351/53	0	12.32	+
_8:515003	  151.3	   44.4	    3.4	  127.0	   1.70	  14.35	   1.77	  -1.09	   0.00	TACGTGGAAC_436/90	0	13.33	+
_15:430476	  119.1	   57.7	    2.1	   98.0	   1.70	   5.71	   1.77	  -0.82	   0.00	AACGTGGA_355/53	0	12.66	+
_25:226496	  125.1	   89.3	    1.4	  103.4	   1.70	   2.07	   1.77	  -1.00	   0.00	AACGTGGAGC_400/72	0	12.81	+
_14:54478	  142.9	   66.5	    2.1	  118.9	   1.70	   7.07	   1.77	  -0.78	   0.00	CNCGTGGA_303/31	0	14.40	+
_21:383539	  157.3	   84.5	    1.9	  132.6	   1.70	   5.78	   1.77	  -1.00	   0.00	AGGTGGAAC_315/32	0	15.16	+
_23:186207	  149.6	   48.8	    3.1	  125.3	   1.70	  12.68	   1.76	  -1.14	   0.00	TACGTGGAGC_413/90	0	11.17	+
_26:170057	  129.8	   31.0	    4.2	  107.1	   1.70	  14.79	   1.76	  -0.85	   0.00	AGGTGGAAGA_344/50	0	12.42	+
_32:33357	  170.0	   97.8	    1.7	  143.6	   1.70	   5.19	   1.76	  -1.19	   0.00	CANGTGGAG_176/22	0	7.88	+
_4:165305	  151.0	   35.5	    4.3	  126.2	   1.70	  17.53	   1.76	  -0.96	   0.00	CGCGTGGAG_364/64	0	11.22	+
_1:79544	  127.6	   36.8	    3.5	  105.3	   1.69	  12.52	   1.76	  -0.80	   0.00	GTGGAAG_282/34	0	11.65	+
_9:798619	  139.2	   84.6	    1.6	  116.3	   1.69	   3.83	   1.75	  -0.59	   0.00	GCGTGGA_304/47	0	10.14	+
_11:918568	  125.0	   92.1	    1.4	   92.3	   1.69	   1.75	   3.15	  -0.80	   0.00	GTGGAAG_282/34	0	11.65	+
_2:822285	  141.0	  106.4	    1.3	   91.7	   1.68	   1.75	   5.97	  -0.91	   0.00	GTGGAAG_282/34	0	11.65	+
_3:1312125	  126.0	   79.8	    1.6	  103.6	   1.68	   3.08	   1.74	  -0.68	   0.00	AACGTGGA_355/53	0	12.66	+
_19:495609	  154.0	   62.1	    2.5	  129.2	   1.67	   9.55	   1.73	  -0.80	   0.00	GTGGAGG_172/28	0	6.36	+
_8:860636	  128.0	   62.1	    2.1	  105.6	   1.67	   5.83	   1.73	  -0.65	   0.00	GTGGAAG_282/34	0	11.65	+
_11:868066	  136.0	  102.0	    1.3	   92.3	   1.66	   1.72	   4.90	  -0.83	   0.00	TACGTGGAGC_413/90	0	11.17	+
_20:571477	  118.5	   44.4	    2.7	   97.7	   1.64	   8.48	   1.70	  -1.35	   0.00	AACGTGGAAGA_451/87	0	15.63	+
_20:122896	  162.7	   53.2	    3.1	  138.1	   1.62	  13.48	   1.68	  -0.89	   0.00	CGTGGAGG_344/57	0	10.98	+
_21:302258	  157.0	   79.8	    2.0	  132.6	   1.62	   6.50	   1.68	  -0.87	   0.00	TGGAGG_45/14	0	2.42	+
_11:57155	  124.0	   44.4	    2.8	  102.4	   1.62	   9.31	   1.68	  -0.69	   0.00	AGCTGGAA_196/18	0	10.52	+
_29:326655	  194.0	  155.2	    1.2	   81.1	   1.61	   1.67	  26.38	  -1.00	   0.00	TACGTGGCG_323/73	0	7.51	+
_15:282761	  147.7	   48.8	    3.0	  124.4	   1.61	  12.32	   1.67	  -0.88	   0.00	AACGTGGCGG_329/56	0	10.13	+
_7:333918	  145.0	   79.8	    1.8	  121.7	   1.61	   5.06	   1.67	  -0.64	   0.00	CGTGGCA_132/41	0	3.31	+
_16:570002	  159.3	  124.2	    1.3	   94.7	   1.60	   1.66	   9.20	  -0.86	   0.00	ACGTGGC_292/51	0	8.70	+
_20:655547	  121.1	   41.3	    2.9	  100.8	   1.60	   9.82	   1.66	  -0.91	   0.00	TACGTGGA_368/72	0	10.25	+
_22:218033	  146.9	   76.3	    1.9	  123.7	   1.59	   5.77	   1.65	  -1.14	   0.00	ACACGTGGAGG_440/121	0	9.88	+
_15:269362	  129.0	   53.2	    2.4	  107.2	   1.59	   7.84	   1.65	  -0.80	   0.00	CANGTGGAAC_307/27	0	16.48	+
_4:704601	  130.0	   62.1	    2.1	  108.2	   1.59	   6.09	   1.65	  -1.29	   0.00	CANGTGGAAG_335/38	0	14.95	+
_22:478443	  132.3	   35.5	    3.7	  111.1	   1.57	  13.85	   1.63	  -1.05	   0.00	CANGTGGA_139/6	0	11.94	+
_15:135776	  136.0	   53.2	    2.6	  113.8	   1.57	   8.92	   1.63	  -0.74	   0.00	GGTGGAAC_265/26	0	12.93	+
_15:205249	  117.2	   62.1	    1.9	   97.5	   1.56	   4.58	   1.62	  -0.86	   0.00	AACGTGG_269/36	0	10.21	+
_6:720896	  121.2	   44.4	    2.7	  101.2	   1.56	   8.97	   1.62	  -0.73	   0.00	ACGTGGA_351/53	0	12.32	+
_6:830033	  156.7	  122.4	    1.3	  101.2	   1.56	   1.62	   6.78	  -0.84	   0.00	GTGGAGG_172/28	0	6.36	+
_13:214513	  122.5	   62.1	    2.0	  102.2	   1.55	   5.19	   1.61	  -1.03	   0.00	GTGGAA_228/21	0	11.84	+
_19:409920	  151.6	   39.9	    3.8	  128.7	   1.55	  16.15	   1.61	  -1.00	   0.00	ACACGTGNA_204/53	0	4.66	+
_1:166543	  140.9	  108.4	    1.3	   92.5	   1.55	   1.60	   5.78	  -0.81	   0.00	ACACGTGG_309/78	0	6.41	+
_32:68444	  165.6	   66.5	    2.5	  141.7	   1.55	  10.45	   1.60	  -0.90	   0.00	CGTGGAAC_342/48	0	12.73	+
_2:754418	  140.0	   88.7	    1.6	  118.7	   1.55	   3.43	   1.60	  -1.13	   0.00	GCGTGGCGG_251/50	0	6.79	+
_20:147266	  117.3	   39.9	    2.9	   97.7	   1.54	   9.70	   1.60	  -1.02	   0.00	CGTGGCG_154/33	0	4.83	+
_2:1337757	  122.0	   75.4	    1.6	  101.4	   1.53	   3.18	   1.59	  -0.85	   0.00	TACGTG_68/24	0	2.48	+
_13:462362	  122.4	   48.8	    2.5	  102.4	   1.52	   8.10	   1.58	  -1.03	   0.00	ACACGTNNA_160/51	0	3.46	+
_23:260964	  140.0	   89.3	    1.6	  119.0	   1.52	   3.32	   1.58	  -1.23	   0.00	ACGTGGCG_303/54	0	8.86	+
_3:155518	  126.8	   39.9	    3.2	  106.2	   1.51	  11.33	   1.57	  -0.84	   0.00	AACGTGGCG_309/55	0	9.05	+
_4:1224819	  173.0	  137.5	    1.3	   97.5	   1.51	   1.57	  11.45	  -0.78	   0.00	CACGTGGA_378/55	0	14.28	+
_5:91690	  121.4	   57.7	    2.1	  101.8	   1.50	   5.98	   1.55	  -0.86	   0.00	CGTGGAA_316/44	0	11.62	+
_4:316669	  134.4	   62.4	    2.2	  113.7	   1.50	   6.77	   1.55	  -0.96	   0.00	GGTGGAAC_265/26	0	12.93	+
_7:91354	  136.0	   88.4	    1.5	  115.6	   1.49	   3.07	   1.54	  -0.74	   0.00	CACGTGGA_378/55	0	14.28	+
_22:336643	  209.8	   57.7	    3.6	  183.4	   1.48	  20.97	   1.54	  -0.72	   0.00	CGTGGA_270/28	0	12.61	+
_8:72615	  127.3	   79.8	    1.6	  107.4	   1.48	   3.27	   1.54	  -0.96	   0.00	ATGTGGAA_358/38	0	17.40	+
_24:47058	  152.5	   71.0	    2.1	  130.5	   1.48	   7.65	   1.54	  -1.14	   0.00	CGTGGAAG_366/54	0	13.39	+
_1:1679319	  129.9	   97.6	    1.3	  109.3	   1.47	   1.70	   1.53	  -0.93	   0.00	CGTGGCG_154/33	0	4.83	+
_20:332514	  118.0	   44.4	    2.7	   98.4	   1.47	   8.31	   1.52	  -0.73	   0.00	CGTGGC_105/26	0	3.69	+
_24:375809	  163.3	  130.7	    1.2	   96.5	   1.45	   1.51	   9.57	  -0.75	   0.00	CGTGGCG_154/33	0	4.83	+
_5:422285	  144.6	   74.6	    1.9	  123.4	   1.45	   5.86	   1.51	  -0.86	   0.00	CAGGTGGAAA_360/36	0	18.47	+
_14:212484	  117.1	   84.3	    1.4	   98.7	   1.44	   1.91	   1.50	  -0.68	   0.00	GGTGGAAG_289/36	0	11.62	+
_5:75429	  134.2	   84.3	    1.6	  114.3	   1.44	   3.34	   1.49	  -1.11	   0.00	CGTGGAAG_366/54	0	13.39	+
_2:971139	  124.2	   40.7	    3.1	  105.2	   1.43	  10.65	   1.49	  -1.01	   0.00	CGTGGA_270/28	0	12.61	+
_21:435919	  175.3	   67.5	    2.6	  152.7	   1.41	  11.79	   1.46	  -1.20	   0.00	ACGTGGCAG_377/72	0	10.90	+
_31:70791	  169.0	   79.8	    2.1	  147.1	   1.41	   8.20	   1.46	  -0.85	   0.00	ATGTGGAAG_387/49	0	16.93	+
_4:92558	  135.8	   31.0	    4.4	  115.7	   1.40	  16.04	   1.45	  -1.06	   0.00	CGTGGCA_132/41	0	3.31	+
_23:358418	  154.8	   76.2	    2.0	  133.3	   1.40	   6.77	   1.45	  -0.77	   0.00	GCGTGG_66/22	0	2.57	+
_11:636864	  128.3	   35.5	    3.6	  109.4	   1.38	  13.06	   1.44	  -0.79	   0.00	CGTGGA_270/28	0	12.61	+
_15:226183	  118.7	   30.5	    3.9	  100.3	   1.38	  12.93	   1.43	  -1.15	   0.00	TACGTGGAG_386/87	0	9.53	+
_20:363086	  165.8	  121.5	    1.4	  143.8	   1.37	   2.25	   1.43	  -1.20	   0.00	TACGTGGCG_323/73	0	7.51	+
_31:109728	  178.6	  139.9	    1.3	  156.0	   1.36	   1.78	   1.42	  -0.86	   0.00	AACGTGGAAG_448/79	0	16.87	+
_14:7173	  124.2	   62.1	    2.0	  106.0	   1.36	   5.44	   1.41	  -0.92	   0.00	GTGGAAG_282/34	0	11.65	+
_15:727090	  124.0	   88.7	    1.4	  105.1	   1.35	   2.01	   1.40	  -0.72	   0.00	AACGTGGAAG_448/79	0	16.87	+
_5:1019044	  182.3	  108.8	    1.7	  160.0	   1.34	   5.06	   1.40	  -1.35	   0.00	ATGTGGAAG_387/49	0	16.93	+
_22:563435	  147.8	   75.4	    2.0	  127.4	   1.34	   6.06	   1.39	  -0.83	   0.00	TACGTGGAG_386/87	0	9.53	+
_1:634158	  122.0	   44.4	    2.8	  103.5	   1.33	   8.97	   1.38	  -0.98	   0.00	GNGTGGA_60/7	0	4.51	+
_3:1142520	  122.4	   53.2	    2.3	  104.5	   1.33	   6.94	   1.38	  -1.38	   0.00	ATGTGGAAG_387/49	0	16.93	+
_16:226656	  167.2	   98.9	    1.7	  146.3	   1.32	   4.84	   1.38	  -0.64	   0.00	CNCGTGGA_303/31	0	14.40	+
_23:495854	  117.6	   81.4	    1.4	  100.0	   1.32	   2.18	   1.37	  -0.52	   0.00	GCGTGG_66/22	0	2.57	+
_10:669227	  125.5	   55.1	    2.3	  107.4	   1.31	   6.95	   1.36	  -1.15	   0.00	AGGTGGAAG_338/42	0	13.98	+
_19:503005	  136.0	   75.4	    1.8	  116.7	   1.31	   4.64	   1.36	  -1.15	   0.00	GGTGGAA_247/24	0	12.20	+
_19:547797	  135.5	   62.1	    2.2	  116.7	   1.31	   6.91	   1.36	  -0.79	   0.00	GGTGGAAG_289/36	0	11.62	+
_19:252120	  135.5	   49.5	    2.7	  116.7	   1.31	   9.96	   1.36	  -0.79	   0.00	ATGTGGAAC_364/40	0	17.33	+
_1:1889991	  119.5	   93.6	    1.3	   99.7	   1.31	   1.36	   1.58	  -0.83	   0.00	GTGGCA_87/25	0	3.10	+
_16:153519	  122.6	   53.2	    2.3	  104.8	   1.30	   6.94	   1.35	  -0.68	   0.00	CGTGGA_270/28	0	12.61	+
_6:654291	  118.3	   71.0	    1.7	  101.2	   1.29	   3.51	   1.34	  -1.12	   0.00	AACGTGGAGA_377/72	0	10.90	+
_18:156715	  137.0	   53.2	    2.6	  117.9	   1.29	   9.08	   1.34	  -0.88	   0.00	AACGTGGA_355/53	0	12.66	+
_1:524019	  130.7	   88.7	    1.5	  112.5	   1.27	   2.55	   1.32	  -1.61	   0.00	GCGTGGA_304/47	0	10.14	+
_1:812557	  127.9	   48.8	    2.6	  109.8	   1.27	   8.90	   1.32	  -0.99	   0.00	GTGGAGG_172/28	0	6.36	+
_15:678916	  126.6	   12.1	   10.4	  108.9	   1.26	  24.24	   1.31	  -0.88	   0.00	TACGTGG_281/54	0	7.68	+
_4:502814	  122.6	   53.2	    2.3	  105.3	   1.25	   6.94	   1.30	  -0.66	   0.00	ACGTGGCGG_324/55	0	9.97	+
_13:178700	  117.5	   47.4	    2.5	  100.7	   1.25	   7.56	   1.30	  -0.84	   0.00	GNGTGGAA_249/25	0	11.99	+
_10:87567	  147.2	   64.6	    2.3	  128.6	   1.25	   8.20	   1.30	  -1.15	   0.00	AACGTGGA_355/53	0	12.66	+
_26:41070	  175.0	   26.6	    6.6	  153.9	   1.25	  27.32	   1.30	  -0.67	   0.00	AGCTGGAA_196/18	0	10.52	+
_10:754039	  152.3	   88.7	    1.7	  133.4	   1.24	   4.63	   1.29	  -1.13	   0.00	CNCGTGGAG_341/48	0	12.64	+
_13:401779	  117.6	   47.1	    2.5	  100.9	   1.23	   7.56	   1.28	  -0.53	   0.00	GNGTGGAAG_298/38	0	11.76	+
_11:63209	  141.4	   32.6	    4.3	  123.2	   1.23	  16.89	   1.28	  -0.99	   0.00	CGTGGAG_314/45	0	11.24	+
_8:859925	  124.8	   66.5	    1.9	  107.6	   1.22	   4.77	   1.27	  -1.28	   0.00	ATGTGGAAA_363/40	0	17.22	+
_27:296016	  131.7	   57.7	    2.3	  114.1	   1.22	   7.39	   1.27	  -0.89	   0.00	ACGTGGAGG_387/79	0	10.62	+
_18:359903	  152.7	   48.8	    3.1	  133.7	   1.21	  13.23	   1.26	  -1.08	   0.00	ACGTGGAAA_420/72	0	14.85	+
_6:914544	  118.0	   84.3	    1.4	  101.2	   1.21	   1.91	   1.26	  -0.63	   0.00	CTGGAA_46/13	0	2.58	+
_6:605356	  117.0	   62.1	    1.9	  101.2	   1.21	   4.58	   1.26	  -0.84	   0.00	TACGTGG_281/54	0	7.68	+
_17:628681	  136.0	   57.7	    2.4	  117.9	   1.21	   7.98	   1.26	  -0.61	   0.00	CGTGGAG_314/45	0	11.24	+
_11:111207	  123.7	   75.4	    1.6	  106.8	   1.20	   3.37	   1.25	  -0.86	   0.00	TACGTGGCA_367/87	0	8.36	+
_32:71460	  162.7	   55.5	    2.9	  143.3	   1.20	  12.88	   1.25	  -1.18	   0.00	TACGTGGA_368/72	0	10.25	+
_9:950044	  128.0	  102.0	    1.3	   84.7	   1.20	   1.24	   5.15	  -0.97	   0.00	CTGGAA_46/13	0	2.58	+
_4:864757	  117.1	   39.9	    2.9	  101.4	   1.20	   9.70	   1.24	  -0.89	   0.00	TACGTGGAAG_452/96	0	14.18	+
_1:2419556	  118.3	   51.8	    2.3	  102.3	   1.19	   6.79	   1.24	  -0.82	   0.00	CGTGGA_270/28	0	12.61	+
_14:607542	  131.3	   44.4	    3.0	  114.4	   1.19	  10.69	   1.24	  -1.03	   0.00	TACGTGGA_368/72	0	10.25	+
_9:162290	  171.3	   73.9	    2.3	  151.9	   1.19	   9.74	   1.24	  -0.64	   0.00	GCGTGGCGG_251/50	0	6.79	+
_30:198017	  165.0	   71.0	    2.3	  145.3	   1.19	   9.37	   1.24	  -1.27	   0.00	CGCGTGGAAGA_405/80	0	11.92	+
_26:317108	  128.2	   86.0	    1.5	  111.7	   1.19	   2.69	   1.23	  -0.76	   0.00	ATGTGGA_208/13	0	14.08	+
_5:127764	  127.0	   71.0	    1.8	  109.9	   1.18	   4.38	   1.23	  -0.73	   0.00	GGTGGAAGA_295/44	0	10.15	+
_2:60963	  123.8	   69.6	    1.8	  107.1	   1.18	   4.19	   1.22	  -0.76	   0.00	GCTGGAAG_170/27	0	6.45	+
_14:7810	  124.6	   52.7	    2.4	  108.1	   1.18	   7.46	   1.22	  -0.73	   0.00	TACGTGNAA_226/30	0	8.91	+
_20:517813	  131.1	  106.4	    1.2	   97.7	   1.17	   1.22	   3.26	  -0.82	   0.00	CTGGAAG_149/24	0	5.94	+
_16:637781	  124.0	   57.7	    2.2	  107.2	   1.17	   6.25	   1.22	  -0.90	   0.00	ACGNGGAA_197/8	0	16.76	+
_8:600631	  133.0	  108.5	    1.2	  111.4	   1.16	   1.21	   1.69	  -0.87	   0.00	TACGTG_68/24	0	2.48	+
_21:70628	  151.0	   57.7	    2.6	  132.6	   1.16	  10.31	   1.21	  -1.18	   0.00	GCGTGGCG_192/49	0	4.60	+
_21:299958	  150.3	   98.1	    1.5	  132.6	   1.16	   3.22	   1.21	  -0.90	   0.00	ACGTGG_259/35	0	9.79	+
_19:434142	  134.0	   84.3	    1.6	  116.7	   1.16	   3.25	   1.20	  -0.92	   0.00	AACGTGGCA_359/70	0	9.92	+
_19:324670	  133.9	   48.8	    2.7	  116.7	   1.16	   9.90	   1.20	  -0.88	   0.00	TACGTGGC_313/70	0	7.34	+
_19:234226	  133.7	   75.4	    1.8	  116.7	   1.16	   4.42	   1.20	  -1.33	   0.00	GCGTGGCAG_254/62	0	5.64	+
_8:74952	  130.6	   48.8	    2.7	  114.1	   1.14	   9.40	   1.19	  -0.98	   0.00	CGTGGAAG_366/54	0	13.39	+
_12:628443	  186.9	  157.1	    1.2	  118.8	   1.14	   1.18	   8.35	  -0.86	   0.00	CGTGGA_270/28	0	12.61	+
_25:410595	  126.6	   48.8	    2.6	  110.5	   1.14	   8.74	   1.18	  -0.81	   0.00	TGGAAG_126/13	0	7.29	+
_26:262353	  164.5	  137.5	    1.2	   95.5	   1.13	   1.17	  10.15	  -0.59	   0.00	ATGTGGAGC_274/27	0	13.32	+
_11:278502	  129.6	   57.7	    2.2	  113.4	   1.12	   7.10	   1.17	  -0.96	   0.00	CNCGTGGAAA_344/48	0	12.90	+
_2:66462	  136.1	   41.5	    3.3	  120.0	   1.12	  12.53	   1.16	  -0.83	   0.00	GTGGAAGA_290/42	0	10.24	+
_11:732385	  125.3	   31.0	    4.0	  109.9	   1.10	  13.97	   1.15	  -1.22	   0.00	ACGNGGAA_197/8	0	16.76	+
_9:503316	  121.1	   92.7	    1.3	  106.2	   1.10	   1.55	   1.15	  -0.51	   0.00	TGGAGG_45/14	0	2.42	+
_11:697842	  117.4	   44.4	    2.6	  102.5	   1.10	   8.31	   1.14	  -0.63	   0.00	GGAAGA_43/9	0	2.96	+
_8:833314	  126.0	  102.0	    1.2	   97.5	   1.09	   1.14	   2.49	  -0.75	   0.00	CACGTGGAGA_397/74	0	12.19	+
_9:161830	  166.7	   54.7	    3.0	  148.6	   1.09	  13.89	   1.13	  -0.88	   0.00	ACGTGG_259/35	0	9.79	+
_1:2050278	  122.6	   93.1	    1.3	  107.4	   1.08	   1.54	   1.12	  -0.98	   0.00	GNGTGGAAG_298/38	0	11.76	+
_8:509636	  154.6	   89.3	    1.7	  137.5	   1.08	   4.71	   1.12	  -0.74	   0.00	GGTGGAAC_265/26	0	12.93	+
_7:670778	  118.0	   97.0	    1.2	   94.6	   1.07	   1.12	   2.07	  -1.51	   0.00	CGTGGCG_154/33	0	4.83	+
_26:323702	  199.5	  115.3	    1.7	  180.2	   1.07	   5.88	   1.11	  -0.77	   0.00	CGTGGAGG_344/57	0	10.98	+
_9:906803	  129.5	   66.5	    1.9	  114.3	   1.06	   5.37	   1.10	  -1.10	   0.00	CACGTGNA_147/6	0	12.80	+
_10:83932	  118.9	   31.0	    3.8	  104.1	   1.05	  12.55	   1.09	  -1.21	   0.00	GCGTGG_66/22	0	2.57	+
_16:490647	  136.0	   44.4	    3.1	  120.1	   1.04	  11.40	   1.08	  -1.07	   0.00	CGCGTGGA_336/50	0	11.79	+
_23:192049	  137.3	   31.0	    4.4	  122.0	   1.04	  16.46	   1.08	  -0.92	   0.00	TGGAAG_126/13	0	7.29	+
_25:243340	  118.0	   62.1	    1.9	  103.4	   1.03	   4.58	   1.07	  -1.18	   0.00	CGTGGAAC_342/48	0	12.73	+
_14:677914	  138.1	   48.8	    2.8	  123.2	   1.02	  10.75	   1.06	  -0.89	   0.00	AACGTGGA_355/53	0	12.66	+
_14:49400	  137.2	   53.2	    2.6	  122.4	   1.02	   9.24	   1.06	  -1.24	   0.00	TACGTGGA_368/72	0	10.25	+
_18:502852	  132.0	   75.4	    1.8	  116.7	   1.02	   4.20	   1.06	  -0.78	   0.00	GGTGGAA_247/24	0	12.20	+
_1:1553137	  125.2	   71.0	    1.8	  111.2	   1.01	   4.27	   1.05	  -0.97	   0.00	CGTGGAA_316/44	0	11.62	+
_20:547163	  132.3	  110.9	    1.2	  104.6	   1.01	   1.05	   2.38	  -0.91	   0.00	GNGTGGA_60/7	0	4.51	+
_23:189373	  161.0	   96.5	    1.7	  144.3	   1.00	   4.39	   1.05	  -1.08	   0.00	--------	-1	0.00	*
_20:88142	  117.1	   66.5	    1.8	  103.8	   1.00	   3.96	   1.04	  -1.33	   0.00	CGTGGA_270/28	0	12.61	+
_13:558825	  142.0	   53.2	    2.7	  126.4	   1.00	   9.89	   1.04	  -0.66	   0.00	GCTGGAAG_170/27	0	6.45	+
_3:1349083	  127.6	   39.9	    3.2	  113.3	   0.99	  11.51	   1.03	  -0.84	   0.00	CGTGGCA_132/41	0	3.31	+
_16:418022	  141.0	   26.6	    5.3	  125.8	   0.98	  19.40	   1.02	  -0.77	   0.00	ACGTGGCGG_324/55	0	9.97	+
_28:215450	  173.0	   57.7	    3.0	  156.1	   0.98	  14.05	   1.01	  -0.77	   0.00	GTGGCA_87/25	0	3.10	+
_2:389667	  128.7	   86.6	    1.5	  114.5	   0.98	   2.59	   1.01	  -1.08	   0.00	ACGNGGAAGA_216/17	0	12.60	+
_5:984650	  142.0	   53.2	    2.7	  126.8	   0.97	   9.89	   1.01	  -0.91	   0.00	CGCGTGGAGA_366/68	0	10.71	+
_21:135874	  148.0	   93.1	    1.6	  132.6	   0.97	   3.50	   1.00	  -0.58	   0.00	GTGGAGG_172/28	0	6.36	+
_21:229156	  147.3	   66.5	    2.2	  132.6	   0.97	   7.77	   1.00	  -0.82	   0.00	AGCGTGGA_313/50	0	10.15	+
_16:516376	  132.0	  110.9	    1.2	   94.7	   0.96	   1.00	   3.77	  -0.61	   0.00	CTGGAA_46/13	0	2.58	+
_19:211996	  130.8	   82.0	    1.6	  116.7	   0.95	   3.20	   0.99	  -0.88	   0.00	GGTGGAA_247/24	0	12.20	+
_19:405076	  130.1	   62.1	    2.1	  116.7	   0.95	   6.23	   0.99	  -0.80	   0.00	AACGTGGCG_309/55	0	9.05	+
_13:542094	  123.6	   29.3	    4.2	  110.2	   0.95	  14.35	   0.98	  -0.94	   0.00	GTGGAAGA_290/42	0	10.24	+
_8:486831	  121.0	   57.7	    2.1	  107.4	   0.94	   5.84	   0.98	  -1.02	   0.00	GGGTGGAAC_280/30	0	12.74	+
_5:422493	  141.4	   58.4	    2.4	  127.3	   0.94	   8.65	   0.98	  -1.12	   0.00	CGTGGCA_132/41	0	3.31	+
_5:527757	  141.0	   53.2	    2.6	  126.4	   0.94	   9.72	   0.97	  -0.72	   0.00	ACGTGG_259/35	0	9.79	+
_1:1973737	  121.0	   35.5	    3.4	  107.6	   0.92	  11.52	   0.96	  -0.80	   0.00	AGCTGGAA_196/18	0	10.52	+
_7:25193	  120.9	   30.4	    4.0	  107.7	   0.92	  13.34	   0.96	  -0.74	   0.00	AGGTGGAAC_315/32	0	15.16	+
_4:535011	  135.5	   57.7	    2.3	  121.9	   0.92	   7.98	   0.96	  -0.74	   0.00	GGAAGA_43/9	0	2.96	+
_1:2373543	  123.0	   71.0	    1.7	  109.7	   0.92	   3.94	   0.95	  -0.88	   0.00	GTGGCA_87/25	0	3.10	+
_13:640854	  117.0	   53.2	    2.2	  104.0	   0.91	   6.09	   0.95	  -0.66	   0.00	GCGTGGCAC_229/57	0	5.18	+
_5:186144	  171.8	   93.1	    1.8	  156.4	   0.91	   6.00	   0.94	  -0.77	   0.00	GGTGGAAC_265/26	0	12.93	+
_5:858898	  135.0	  115.3	    1.2	   93.8	   0.90	   0.94	   4.60	  -1.03	   0.00	ACGTGGA_351/53	0	12.32	+
_2:483000	  122.0	   62.1	    2.0	  109.1	   0.89	   5.07	   0.92	  -0.66	   0.00	GGTGGAAC_265/26	0	12.93	+
_11:92681	  135.0	   71.0	    1.9	  121.6	   0.88	   5.31	   0.91	  -0.80	   0.00	AACGTGGA_355/53	0	12.66	+
_28:164774	  120.3	   75.4	    1.6	  108.3	   0.88	   3.08	   0.91	  -1.10	   0.00	CGTGGAAC_342/48	0	12.73	+
_33:48437	  131.5	   84.3	    1.6	  118.8	   0.87	   3.06	   0.91	  -1.13	   0.00	CGTGGA_270/28	0	12.61	+
_9:654910	  117.9	   99.7	    1.2	   84.7	   0.87	   0.90	   3.44	  -0.94	   0.00	GCGTGGAGG_363/73	0	9.77	+
_8:84240	  145.9	   66.5	    2.2	  132.5	   0.85	   7.49	   0.88	  -0.69	   0.00	GTGGAGC_149/20	0	6.78	+
_3:1161956	  125.6	   84.3	    1.5	  113.5	   0.85	   2.54	   0.88	  -0.87	   0.00	CGTGGCAC_195/42	0	5.40	+
_25:163086	  124.5	  106.4	    1.2	  103.4	   0.84	   0.88	   1.67	  -1.12	   0.00	CGTGGCG_154/33	0	4.83	+
_26:426585	  124.1	  106.4	    1.2	   95.5	   0.84	   0.88	   2.66	  -0.98	   0.00	GNGTGGAGA_133/28	0	4.59	+
_26:126031	  193.0	   75.4	    2.6	  177.6	   0.84	  12.48	   0.88	  -0.85	   0.00	CGTGGCA_132/41	0	3.31	+
_12:10293	  131.8	   79.8	    1.7	  119.3	   0.84	   3.66	   0.88	  -1.03	   0.00	CGTGGA_270/28	0	12.61	+
_1:102177	  139.7	   35.5	    3.9	  127.1	   0.83	  15.26	   0.87	  -0.87	   0.00	CGTGGAAG_366/54	0	13.39	+
_6:92718	  122.9	   90.0	    1.4	  111.0	   0.82	   1.85	   0.86	  -0.98	   0.00	TACGTG_68/24	0	2.48	+
_31:127335	  162.5	   88.7	    1.8	  149.2	   0.82	   5.74	   0.86	  -1.13	   0.00	CGTGGAAG_366/54	0	13.39	+
_4:311864	  132.8	   62.1	    2.1	  120.6	   0.82	   6.50	   0.85	  -1.19	   0.00	ACACGTGGAA_447/108	0	11.93	+
_19:62269	  134.0	   97.6	    1.4	  121.6	   0.82	   1.97	   0.85	  -0.65	   0.00	CTGGAA_46/13	0	2.58	+
_16:319797	  120.0	  102.0	    1.2	   94.7	   0.81	   0.85	   2.16	  -1.33	   0.00	TACGTGGAA_425/87	0	12.68	+
_18:686991	  122.3	   39.9	    3.1	  111.2	   0.81	  10.60	   0.85	  -1.21	   0.00	GCGTGGAA_340/60	0	10.19	+
_16:22215	  118.0	   35.5	    3.3	  106.6	   0.80	  10.96	   0.83	  -0.99	   0.00	CGTGGCAG_222/46	0	6.02	+
_10:142505	  145.0	   53.2	    2.7	  132.6	   0.79	  10.38	   0.82	  -0.98	   0.00	TACGTGGAAA_427/89	0	12.57	+
_8:718898	  124.5	   31.0	    4.0	  113.4	   0.79	  13.76	   0.82	  -1.47	   0.00	CACGTGGAAA_429/73	0	15.69	+
_21:212097	  144.6	   48.8	    3.0	  132.6	   0.79	  11.79	   0.82	  -0.88	   0.00	GGTGGAAG_289/36	0	11.62	+
_19:383744	  127.7	   76.5	    1.7	  116.7	   0.77	   3.65	   0.80	  -1.29	   0.00	CGTGGAAC_342/48	0	12.73	+
_33:11695	  121.3	   75.4	    1.6	  111.1	   0.76	   3.18	   0.79	  -1.04	   0.00	GCGTGGAGG_363/73	0	9.77	+
_13:256136	  135.2	   44.4	    3.0	  124.6	   0.75	  11.40	   0.79	  -0.99	   0.00	TGGAAG_126/13	0	7.29	+
_1:1601382	  121.0	   79.8	    1.5	  110.3	   0.75	   2.63	   0.78	  -0.90	   0.00	TGGAGG_45/14	0	2.42	+
_21:212604	  143.4	  124.2	    1.2	  132.6	   0.73	   0.87	   0.77	  -0.69	   0.00	ACGTGG_259/35	0	9.79	+
_23:406330	  141.4	   86.5	    1.6	  130.7	   0.73	   3.77	   0.77	  -0.84	   0.00	ATGTGGAAG_387/49	0	16.93	+
_11:873244	  119.0	  103.1	    1.2	   92.3	   0.73	   0.76	   2.36	  -0.79	   0.00	--------	-1	0.00	*
_26:28961	  122.0	  106.4	    1.1	   95.5	   0.72	   0.75	   2.29	  -0.80	   0.00	CGTGGAG_314/45	0	11.24	+
_17:611636	  129.0	   57.7	    2.2	  118.5	   0.71	   6.95	   0.75	  -1.08	   0.00	ACGTGGCA_351/69	0	9.55	+
_1:1969899	  145.0	  128.6	    1.1	   92.5	   0.71	   0.74	   6.56	  -0.66	   0.00	TGGAGG_45/14	0	2.42	+
_20:431077	  123.0	   44.4	    2.8	  113.1	   0.70	   9.14	   0.73	  -0.96	   0.00	CACGTGNAA_282/13	0	23.11	+
_2:276149	  122.5	   79.8	    1.5	  113.3	   0.68	   2.81	   0.71	  -0.82	   0.00	TACGTGGA_368/72	0	10.25	+
_15:363800	  118.9	   71.0	    1.7	  109.6	   0.67	   3.51	   0.71	  -1.10	   0.00	GCGTGGAAC_362/62	0	11.42	+
_20:259066	  125.0	  110.9	    1.1	   97.7	   0.67	   0.70	   2.36	  -0.70	   0.00	GTGGAA_228/21	0	11.84	+
_13:791481	  128.9	   66.5	    1.9	  119.4	   0.67	   5.25	   0.70	  -1.05	   0.00	AACGTGGC_300/52	0	9.00	+
_19:374315	  149.0	  133.1	    1.1	  116.7	   0.66	   0.69	   2.64	  -0.79	   0.00	AGCTGGAA_196/18	0	10.52	+
_19:45744	  125.3	   95.8	    1.3	  116.7	   0.66	   1.59	   0.69	  -1.03	   0.00	GCGTGGAG_337/61	0	9.83	+
_20:623517	  170.0	   88.7	    1.9	  159.3	   0.65	   6.57	   0.68	  -0.96	   0.00	GTGGAAC_247/23	0	12.59	+
_13:837709	  133.8	   84.3	    1.6	  124.6	   0.65	   3.25	   0.68	  -1.16	   0.00	GCGTGGCA_179/57	0	3.62	+
_16:150022	  144.7	   41.9	    3.5	  135.2	   0.65	  14.04	   0.68	  -0.78	   0.00	AACGTGGCG_309/55	0	9.05	+
_23:260629	  144.0	   52.7	    2.7	  134.3	   0.64	  10.48	   0.67	  -1.08	   0.00	CGTGGAGA_318/50	0	10.48	+
_16:342193	  123.7	   53.2	    2.3	  115.0	   0.64	   7.09	   0.67	  -0.89	   0.00	GGGTGGAAG_305/40	0	11.77	+
_30:65271	  165.9	   75.4	    2.2	  155.8	   0.64	   8.45	   0.67	  -0.99	   0.00	TACGTGNAA_226/30	0	8.91	+
_2:1465361	  121.9	   44.4	    2.7	  113.3	   0.63	   8.97	   0.66	  -0.75	   0.00	ACGTGGAGG_387/79	0	10.62	+
_32:32811	  155.5	   77.6	    2.0	  146.2	   0.63	   6.72	   0.66	  -0.93	   0.00	CACGTNGA_147/6	0	12.80	+
_30:71092	  202.5	   84.3	    2.4	  191.9	   0.63	  11.87	   0.66	  -0.94	   0.00	CNCGTGGA_303/31	0	14.40	+
_1:2372773	  130.8	   35.5	    3.7	  122.1	   0.63	  13.46	   0.65	  -0.86	   0.00	ACGTGGAGG_387/79	0	10.62	+
_11:131117	  141.4	  103.5	    1.4	  132.8	   0.62	   2.04	   0.65	  -0.80	   0.00	GCGTGGCA_179/57	0	3.62	+
_20:38534	  133.5	   61.5	    2.2	  125.2	   0.61	   6.83	   0.64	  -0.98	   0.00	CGTGGA_270/28	0	12.61	+
_10:227688	  121.0	   88.7	    1.4	  112.8	   0.61	   1.79	   0.63	  -0.69	   0.00	ACGTGGA_351/53	0	12.32	+
_28:300709	  120.3	   71.0	    1.7	  113.0	   0.60	   3.72	   0.63	  -0.94	   0.00	GGTGGAAGA_295/44	0	10.15	+
_19:186766	  146.4	  133.1	    1.1	  121.4	   0.60	   0.63	   1.88	  -0.61	   0.00	CNCGTGGA_303/31	0	14.40	+
_23:115794	  146.2	   73.8	    2.0	  138.3	   0.59	   6.29	   0.62	  -0.78	   0.00	CANGTGGAGG_248/34	0	9.33	+
_2:293760	  132.0	  119.7	    1.1	   93.9	   0.58	   0.61	   3.92	  -0.57	   0.00	TGGAAGA_147/21	0	6.44	+
_5:964197	  131.9	  119.7	    1.1	   94.7	   0.58	   0.61	   3.77	  -0.75	   0.00	TGGAAG_126/13	0	7.29	+
_30:173057	  153.8	   21.6	    7.1	  145.3	   0.58	  25.16	   0.61	  -1.13	   0.00	ATGTGGAAG_387/49	0	16.93	+
_15:578437	  117.4	   53.2	    2.2	  110.4	   0.58	   6.23	   0.61	  -1.04	   0.00	CGTGGAA_316/44	0	11.62	+
_22:490471	  129.0	   53.2	    2.4	  121.1	   0.58	   7.84	   0.60	  -0.63	   0.65	CACGTNNA_99/4	0	9.23	+
_2:802612	  120.4	   59.7	    2.0	  114.1	   0.54	   5.47	   0.57	  -0.92	   0.00	ACGTGGCGG_324/55	0	9.97	+
_5:60331	  134.0	   79.8	    1.7	  127.3	   0.52	   3.87	   0.54	  -0.93	   0.00	GTGGAGG_172/28	0	6.36	+
_6:334669	  139.0	  128.6	    1.1	  103.3	   0.51	   0.54	   3.33	  -0.81	   0.00	CGTGGAAG_366/54	0	13.39	+
_25:144126	  123.0	   62.1	    2.0	  116.7	   0.51	   5.19	   0.53	  -1.11	   0.00	TACGTGG_281/54	0	7.68	+
_25:142973	  117.3	   64.7	    1.8	  111.9	   0.51	   4.26	   0.53	  -1.06	   0.00	GTGGAAGA_290/42	0	10.24	+
_15:172557	  129.5	   57.7	    2.2	  123.6	   0.50	   7.10	   0.53	  -0.91	   0.00	GCGTGGA_304/47	0	10.14	+
_12:643965	  117.5	   57.7	    2.0	  112.0	   0.50	   5.45	   0.53	  -0.95	   0.00	AGCTGGAA_196/18	0	10.52	+
_21:425530	  139.0	   44.4	    3.1	  132.6	   0.50	  11.94	   0.52	  -1.37	   0.00	AACGTGGCAC_378/70	0	11.29	+
_9:289841	  122.0	   75.4	    1.6	  117.0	   0.49	   3.28	   0.52	  -1.09	   0.00	GTGGAGG_172/28	0	6.36	+
_14:58989	  117.4	   51.9	    2.3	  112.2	   0.49	   6.65	   0.52	  -0.90	   0.00	GTGGCA_87/25	0	3.10	+
_13:761011	  133.8	  124.2	    1.1	  104.1	   0.48	   0.51	   2.56	  -0.86	   0.00	ACGTGGCGG_324/55	0	9.97	+
_10:223665	  123.0	   26.6	    4.6	  117.3	   0.48	  15.41	   0.51	  -0.74	   0.00	AGCTGGAA_196/18	0	10.52	+
_3:1137576	  124.0	   48.8	    2.5	  118.5	   0.47	   8.26	   0.50	  -0.61	   0.00	ACGTGGAAA_420/72	0	14.85	+
_1:1915828	  122.2	   44.4	    2.8	  117.7	   0.47	   9.14	   0.49	  -1.21	   0.00	CGTGGCA_132/41	0	3.31	+
_19:252457	  121.5	   79.2	    1.5	  116.7	   0.46	   2.72	   0.49	  -0.97	   0.00	GGTGGAAC_265/26	0	12.93	+
_19:206972	  121.3	   44.4	    2.7	  116.7	   0.46	   8.97	   0.49	  -0.74	   0.00	TGGAAG_126/13	0	7.29	+
_19:267894	  121.2	   66.5	    1.8	  116.7	   0.47	   4.41	   0.49	  -1.41	   0.00	ACGTGNAA_197/8	0	16.76	+
_11:697331	  118.5	   53.2	    2.2	  113.8	   0.46	   6.37	   0.49	  -1.02	   0.00	CNCGTGGAAC_361/50	0	13.91	+
_9:706130	  130.5	   53.2	    2.5	  125.6	   0.46	   8.14	   0.49	  -0.80	   0.00	CTGGAAG_149/24	0	5.94	+
_21:277498	  137.3	   66.5	    2.1	  132.6	   0.46	   6.40	   0.48	  -1.02	   0.00	CGTGGAAC_342/48	0	12.73	+
_9:338727	  124.1	   84.3	    1.5	  119.8	   0.46	   2.46	   0.48	  -0.97	   0.00	AGGTGGAAA_307/32	0	14.40	+
_23:432613	  146.4	   71.0	    2.1	  141.6	   0.45	   6.84	   0.47	  -1.16	   0.00	ACGTGG_259/35	0	9.79	+
_5:77484	  144.7	   57.7	    2.5	  140.0	   0.44	   9.36	   0.46	  -1.18	   0.00	AACGTGGAAC_431/73	0	15.94	+
_19:93035	  120.1	   23.5	    5.1	  116.7	   0.42	  16.35	   0.45	  -1.20	   0.00	GGGTGGAAG_305/40	0	11.77	+
_10:448383	  119.2	   62.1	    1.9	  115.8	   0.42	   4.82	   0.44	  -0.81	   0.00	CGTGGAGA_318/50	0	10.48	+
_21:316017	  166.2	   45.4	    3.7	  162.2	   0.42	  16.90	   0.44	  -1.02	   0.00	ACGTGGCAG_377/72	0	10.90	+
_1:609654	  119.0	   39.9	    3.0	  114.9	   0.42	   9.88	   0.44	  -0.96	   0.00	ACGTGGAAA_420/72	0	14.85	+
_5:189264	  126.3	   55.9	    2.3	  123.1	   0.41	   7.09	   0.43	  -0.98	   0.00	CGTGGAG_314/45	0	11.24	+
_15:457012	  119.9	   62.1	    1.9	  116.4	   0.40	   4.82	   0.42	  -1.08	   0.00	ATGTGGA_208/13	0	14.08	+
_2:66653	  126.9	   51.6	    2.5	  123.4	   0.39	   8.00	   0.42	  -1.11	   0.00	ATGTGGAAC_364/40	0	17.33	+
_15:88593	  122.6	   88.7	    1.4	  119.7	   0.38	   1.94	   0.41	  -0.89	   0.00	TACGTGGA_368/72	0	10.25	+
_11:719716	  117.6	   79.8	    1.5	  115.0	   0.37	   2.38	   0.39	  -1.25	   0.00	CNCGTGGAAA_344/48	0	12.90	+
_11:62888	  124.8	   78.3	    1.6	  122.2	   0.36	   3.11	   0.39	  -1.27	   0.00	TACGTGGA_368/72	0	10.25	+
_16:86654	  145.5	   69.9	    2.1	  143.2	   0.36	   6.90	   0.38	  -0.70	   0.00	GGTGGAAC_265/26	0	12.93	+
_16:645153	  125.7	   71.0	    1.8	  123.4	   0.35	   4.27	   0.38	  -0.60	   0.00	CTGGAA_46/13	0	2.58	+
_15:136529	  117.0	   44.4	    2.6	  114.6	   0.35	   8.15	   0.37	  -0.71	   0.00	CACGTGGAGC_415/74	0	13.91	+
_12:229971	  117.0	   48.8	    2.4	  114.7	   0.35	   7.17	   0.37	  -0.84	   0.00	GCTGGAAG_170/27	0	6.45	+
_21:568020	  168.1	   97.6	    1.7	  166.6	   0.34	   5.08	   0.36	  -0.62	   0.00	TGGAAG_126/13	0	7.29	+
_11:503265	  127.7	   69.0	    1.8	  125.9	   0.34	   4.64	   0.36	  -0.69	   0.00	CGCGTGGA_336/50	0	11.79	+
_23:358784	  138.2	   25.8	    5.4	  136.9	   0.34	  19.44	   0.36	  -1.18	   0.00	CGTGGA_270/28	0	12.61	+
_9:534389	  118.5	   75.4	    1.6	  117.1	   0.33	   2.90	   0.35	  -1.24	   0.00	CGTGGAAG_366/54	0	13.39	+
_6:730184	  128.0	  124.2	    1.0	  108.7	   0.33	   0.35	   1.42	  -0.59	   0.00	GNGTGGAGC_177/25	0	7.22	+
_23:191668	  121.7	   48.8	    2.5	  120.3	   0.33	   7.95	   0.35	  -1.12	   0.00	AGCTGGAA_196/18	0	10.52	+
_21:224375	  153.6	   36.0	    4.3	  152.1	   0.33	  17.74	   0.35	  -0.93	   0.00	AACGTGGCA_359/70	0	9.92	+
_21:38177	  148.1	   86.6	    1.7	  147.3	   0.32	   4.48	   0.34	  -1.20	   0.00	AACGTGGAAG_448/79	0	16.87	+
_1:1034414	  118.9	   26.4	    4.5	  117.5	   0.32	  14.55	   0.34	  -0.75	   0.00	CGTGGAG_314/45	0	11.24	+
_20:236946	  122.0	   57.7	    2.1	  120.5	   0.32	   5.98	   0.34	  -0.81	   0.00	TGGAAG_126/13	0	7.29	+
_30:115804	  148.9	   44.4	    3.4	  147.4	   0.32	  13.78	   0.34	  -0.74	   0.00	CGTGGCGG_224/34	0	7.94	+
_13:618648	  149.9	   48.8	    3.1	  148.4	   0.32	  12.68	   0.34	  -1.30	   0.00	TACGTGGA_368/72	0	10.25	+
_19:149488	  148.0	   31.0	    4.8	  146.6	   0.31	  18.61	   0.33	  -1.14	   0.00	CACGTGGAGC_415/74	0	13.91	+
_23:114270	  130.3	   58.6	    2.2	  130.0	   0.30	   7.03	   0.32	  -1.09	   0.00	AACGTGGA_355/53	0	12.66	+
_21:656314	  140.0	  137.5	    1.0	  132.6	   0.30	   0.32	   0.57	  -1.09	   0.00	ACACGTGGA_410/96	0	10.18	+
_30:264755	  181.2	   97.5	    1.9	  180.9	   0.30	   6.53	   0.32	  -0.87	   0.00	GTGGCA_87/25	0	3.10	+
_5:755354	  148.2	   65.3	    2.3	  148.3	   0.29	   8.13	   0.31	  -0.58	   0.00	ACGTGGA_351/53	0	12.32	+
_10:252383	  143.0	   66.5	    2.1	  142.4	   0.29	   7.07	   0.31	  -0.80	   0.00	ACGTGGC_292/51	0	8.70	+
_17:266201	  200.0	   57.7	    3.5	  199.4	   0.29	  19.03	   0.31	  -0.85	   0.00	CACGTGGAAC_434/74	0	16.10	+
_21:292236	  133.0	   48.8	    2.7	  132.6	   0.29	   9.73	   0.30	  -0.96	   0.00	AGGTGGAAG_338/42	0	13.98	+
_21:215169	  132.4	   65.3	    2.0	  132.6	   0.29	   5.93	   0.30	  -1.18	   0.00	CGCGTGGA_336/50	0	11.79	+
_12:738282	  137.5	  136.4	    1.0	   90.9	   0.28	   0.30	   5.59	  -0.76	   0.00	CGTGGAGG_344/57	0	10.98	+
_8:841845	  134.0	   76.6	    1.7	  133.9	   0.28	   4.28	   0.29	  -0.63	   0.00	ATNTGGA_23/2	0	2.85	+
_7:641871	  138.0	  137.5	    1.0	  111.0	   0.26	   0.28	   2.13	  -0.79	   0.00	ACGNGGAAGA_216/17	0	12.60	+
_3:1210264	  118.2	   31.0	    3.8	  119.7	   0.25	  12.55	   0.27	  -0.85	   0.00	ACGTGGAAGA_448/87	0	15.24	+
_13:824107	  119.2	  106.4	    1.1	  120.7	   0.25	   0.67	   0.27	  -0.89	   0.00	GCGTGG_66/22	0	2.57	+
_30:128522	  245.8	  112.6	    2.2	  247.2	   0.25	  12.04	   0.27	  -0.77	   0.00	ATGTGGAAA_363/40	0	17.22	+
_15:750612	  152.3	   53.2	    2.9	  153.9	   0.25	  11.73	   0.27	  -1.30	   0.00	CGCGTGGAA_364/62	0	11.57	+
_2:419911	  136.9	   57.7	    2.4	  137.9	   0.25	   8.13	   0.27	  -0.75	   0.00	ACGTGG_259/35	0	9.79	+
_6:993385	  167.0	   93.1	    1.8	  168.1	   0.25	   5.44	   0.26	  -0.73	   0.00	AGGTGGAAC_315/32	0	15.16	+
_16:365576	  133.5	   71.0	    1.9	  135.0	   0.25	   5.19	   0.26	  -0.74	   0.00	GGTGGAAC_265/26	0	12.93	+
_29:197716	  123.1	   75.4	    1.6	  125.1	   0.24	   3.37	   0.26	  -1.30	   0.00	CGTGGAAC_342/48	0	12.73	+
_3:872829	  185.4	   78.8	    2.4	  187.4	   0.24	  10.69	   0.26	  -0.94	   0.00	ACACGTGGA_410/96	0	10.18	+
_1:1367559	  118.0	   39.9	    3.0	  119.2	   0.24	   9.70	   0.26	  -0.72	   0.00	CGCGTGGA_336/50	0	11.79	+
_2:802156	  125.6	   60.0	    2.1	  127.3	   0.24	   5.94	   0.25	  -0.78	   0.00	CTGGAA_46/13	0	2.58	+
_5:804293	  130.8	   90.2	    1.4	  132.4	   0.24	   2.36	   0.25	  -0.94	   0.00	GCTGGAA_72/16	0	3.48	+
_21:422597	  130.9	   95.6	    1.4	  132.6	   0.23	   1.92	   0.25	  -0.85	   0.00	CGTGGAAC_342/48	0	12.73	+
_21:38477	  148.6	   51.9	    2.9	  150.9	   0.23	  11.61	   0.24	  -1.84	   0.00	CGTGGCAC_195/42	0	5.40	+
_29:173826	  139.7	   87.5	    1.6	  141.8	   0.23	   3.46	   0.24	  -0.93	   0.00	AGGTGGAA_297/30	0	14.22	+
_19:451712	  138.9	  110.9	    1.3	  140.9	   0.22	   1.36	   0.24	  -0.64	   0.00	GTGGAAC_247/23	0	12.59	+
_2:1225943	  125.0	   44.4	    2.8	  127.0	   0.22	   9.48	   0.23	  -0.60	   0.00	GTGGCA_87/25	0	3.10	+
_24:267275	  123.7	   63.6	    1.9	  126.7	   0.20	   5.14	   0.22	  -1.02	   0.00	TACGTGGCG_323/73	0	7.51	+
_17:239594	  132.6	   31.0	    4.3	  136.2	   0.19	  15.41	   0.21	  -0.81	   0.00	AACGTGGCAG_383/73	0	11.20	+
_4:134465	  125.7	   30.2	    4.2	  129.4	   0.19	  14.36	   0.20	  -0.63	   0.00	CNCGTGGAA_340/46	0	13.06	+
_6:328432	  119.0	   97.6	    1.2	  122.5	   0.18	   1.06	   0.20	  -0.70	   0.00	CGTGGAGA_318/50	0	10.48	+
_29:197090	  123.5	   66.5	    1.9	  127.6	   0.18	   4.65	   0.20	  -1.00	   0.00	AACGTGGA_355/53	0	12.66	+
_2:563203	  125.0	   39.9	    3.1	  129.7	   0.18	  11.14	   0.19	  -1.02	   0.00	AACGTGGA_355/53	0	12.66	+
_17:240055	  127.4	   44.4	    2.9	  131.8	   0.18	   9.99	   0.19	  -0.99	   0.00	CGTGGAGG_344/57	0	10.98	+
_27:151394	  123.4	  128.6	    1.0	  114.8	   0.18	   0.19	   0.69	  -0.77	   0.00	GTGGAAG_282/34	0	11.65	+
_23:116184	  117.6	   45.9	    2.6	  122.2	   0.17	   8.06	   0.18	  -0.97	   0.00	ACGTGGAAC_428/73	0	15.57	+
_6:597373	  160.0	   66.5	    2.4	  165.0	   0.16	   9.53	   0.18	  -1.06	   0.00	CGCGTGGAGC_392/67	0	13.00	+
_5:900221	  119.0	  124.2	    1.0	  118.5	   0.16	   0.17	   0.31	  -0.75	   0.00	GTGGAAA_238/23	0	11.86	+
_16:489228	  142.1	   79.5	    1.8	  148.1	   0.16	   4.83	   0.17	  -1.10	   0.00	CGTGGAAGA_370/62	0	12.05	+
_26:335067	  154.3	   84.2	    1.8	  161.1	   0.15	   5.44	   0.16	  -0.77	   0.00	CGTGGCG_154/33	0	4.83	+
_21:180448	  126.6	   75.4	    1.7	  132.6	   0.14	   3.68	   0.16	  -0.90	   0.00	TGGAGG_45/14	0	2.42	+
_18:68897	  142.0	  119.7	    1.2	  148.4	   0.14	   1.01	   0.15	  -0.66	   0.00	ACGNGGAA_197/8	0	16.76	+
_9:816429	  122.0	   39.9	    3.1	  128.0	   0.13	  10.42	   0.15	  -0.98	   0.00	ACGTGGCGG_324/55	0	9.97	+
_12:684759	  125.0	   50.7	    2.5	  131.1	   0.13	   7.93	   0.15	  -0.82	   0.00	CGTGGAA_316/44	0	11.62	+
_18:69495	  145.0	   44.4	    3.3	  151.8	   0.13	  13.04	   0.14	  -0.95	   0.00	ACGTGG_259/35	0	9.79	+
_25:183921	  130.0	   66.5	    2.0	  136.5	   0.13	   5.37	   0.14	  -0.71	   0.00	TACGTG_68/24	0	2.48	+
_18:116924	  123.6	   48.8	    2.5	  130.4	   0.13	   8.26	   0.14	  -0.99	   0.00	CGTGGA_270/28	0	12.61	+
_1:370690	  125.3	   44.4	    2.8	  133.1	   0.12	   9.65	   0.13	  -0.63	   0.00	GTGGAA_228/21	0	11.84	+
_2:45823	  122.0	   44.4	    2.8	  129.3	   0.11	   8.97	   0.12	  -0.94	   0.00	AACGTGG_269/36	0	10.21	+
_5:166885	  138.4	   53.2	    2.6	  146.9	   0.11	   9.40	   0.12	  -0.83	   0.00	AACGTGGAAC_431/73	0	15.94	+
_17:451292	  118.5	  128.6	    0.9	   93.5	   0.11	   0.12	   2.21	  -0.57	   0.00	GTGGAGG_172/28	0	6.36	+
_22:475527	  122.9	   81.5	    1.5	  130.6	   0.11	   2.59	   0.12	  -0.91	   0.00	GCGTGGC_152/42	0	3.86	+
_15:604275	  176.0	   66.5	    2.6	  185.3	   0.11	  12.04	   0.12	  -0.70	   0.00	GGAAGA_43/9	0	2.96	+
_19:495020	  127.0	  137.5	    0.9	  132.2	   0.10	   0.11	   0.16	  -0.73	   0.00	GTGGAAG_282/34	0	11.65	+
_25:465470	  119.8	   53.2	    2.3	  128.0	   0.10	   6.51	   0.11	  -0.68	   0.00	GTGGAAG_282/34	0	11.65	+
_1:185504	  117.1	  128.6	    0.9	   94.4	   0.10	   0.11	   1.97	  -0.68	   0.00	GGAAGA_43/9	0	2.96	+
_21:496420	  123.2	   62.1	    2.0	  132.6	   0.10	   5.32	   0.11	  -0.84	   0.00	AGGTGGAAA_307/32	0	14.40	+
_5:127051	  119.0	   79.8	    1.5	  127.5	   0.09	   2.46	   0.10	  -0.79	   0.00	GCGTGGC_152/42	0	3.86	+
_6:985523	  119.6	   39.9	    3.0	  128.7	   0.09	  10.06	   0.10	  -0.97	   0.00	AGCGTGGCA_214/62	0	4.31	+
_7:966349	  183.5	   57.7	    3.2	  194.9	   0.09	  16.03	   0.10	  -1.09	   0.00	TACGTGGC_313/70	0	7.34	+
_30:54611	  149.0	  150.8	    1.0	  159.2	   0.09	   0.25	   0.10	  -0.79	   0.00	AACGTGG_269/36	0	10.21	+
_29:290882	  122.8	   75.4	    1.6	  132.9	   0.08	   3.28	   0.09	  -1.08	   0.00	ACGTGGCGG_324/55	0	9.97	+
_2:555728	  120.6	  134.9	    0.9	   91.7	   0.07	   0.08	   2.71	  -0.78	   0.00	GCGTGGC_152/42	0	3.86	+
_1:1554873	  124.5	   62.1	    2.0	  136.0	   0.07	   5.44	   0.08	  -0.86	   0.00	ATGTGGAAG_387/49	0	16.93	+
_26:125459	  163.0	   53.2	    3.1	  175.6	   0.07	  13.48	   0.08	  -0.55	   0.00	GGAAGA_43/9	0	2.96	+
_31:63503	  132.5	  149.0	    0.9	  136.5	   0.06	   0.07	   0.20	  -0.83	   0.00	GTGGCA_87/25	0	3.10	+
_1:304641	  162.2	  180.0	    0.9	  160.3	   0.06	   0.07	   0.37	  -0.55	   0.00	CGTGGA_270/28	0	12.61	+
_17:629248	  129.0	   88.7	    1.5	  140.7	   0.06	   2.39	   0.07	  -0.69	   0.00	GNGTGGAA_249/25	0	11.99	+
_21:295279	  120.9	   56.1	    2.2	  132.6	   0.06	   6.04	   0.07	  -1.36	   0.00	AACGTGGAAG_448/79	0	16.87	+
_21:2128	  120.2	   61.0	    2.0	  132.6	   0.06	   5.29	   0.07	  -1.17	   0.00	CGTGGAA_316/44	0	11.62	+
_10:776745	  120.9	  136.5	    0.9	   95.4	   0.06	   0.07	   2.19	  -0.75	   0.00	AACGTGG_269/36	0	10.21	+
_2:45368	  121.0	   48.8	    2.5	  133.4	   0.05	   7.79	   0.06	  -0.88	   0.00	CGTGGA_270/28	0	12.61	+
_6:858941	  126.1	   45.6	    2.8	  139.8	   0.05	   9.54	   0.06	  -0.80	   0.00	CGTGGA_270/28	0	12.61	+
_21:511945	  128.0	   50.0	    2.6	  141.9	   0.05	   8.81	   0.06	  -0.70	   0.00	CGTGGAGG_344/57	0	10.98	+
_31:111488	  172.5	   85.5	    2.0	  188.5	   0.05	   7.46	   0.06	  -0.85	   0.00	CGTGGAA_316/44	0	11.62	+
_6:63109	  121.0	   48.8	    2.5	  134.1	   0.05	   7.79	   0.06	  -0.84	   0.00	ACGTGG_259/35	0	9.79	+
_7:482260	  139.4	  160.0	    0.9	  116.2	   0.04	   0.05	   1.76	  -1.67	   0.16	ACGTGGC_292/51	0	8.70	+
_23:112444	  128.5	   75.5	    1.7	  143.2	   0.04	   3.88	   0.05	  -0.59	   0.00	GCGTGGAAC_362/62	0	11.42	+
_1:2013805	  134.6	   79.8	    1.7	  149.6	   0.04	   3.97	   0.05	  -0.78	   0.00	GTGGAGG_172/28	0	6.36	+
_21:588138	  193.8	   72.5	    2.7	  211.7	   0.04	  13.41	   0.05	  -0.81	   0.00	GTGGAAG_282/34	0	11.65	+
_22:334942	  133.2	   49.0	    2.7	  149.2	   0.04	   9.90	   0.04	  -1.64	   0.00	CGCGTGGA_336/50	0	11.79	+
_21:223908	  128.4	   66.0	    1.9	  144.3	   0.04	   5.42	   0.04	  -0.69	   0.00	CGTGGA_270/28	0	12.61	+
_18:622263	  129.0	   57.7	    2.2	  144.7	   0.03	   6.95	   0.04	  -0.77	   0.00	GTGGAGG_172/28	0	6.36	+
_10:100982	  179.9	   97.6	    1.8	  199.9	   0.03	   6.30	   0.03	  -0.96	   0.00	ATGTGGAAC_364/40	0	17.33	+
_21:41416	  143.4	  105.1	    1.4	  163.0	   0.02	   2.02	   0.03	  -1.24	   0.00	GGTGGAAG_289/36	0	11.62	+
_10:103242	  177.0	   75.4	    2.3	  198.8	   0.02	  10.03	   0.02	  -0.81	   0.00	ACGTGGA_351/53	0	12.32	+
_21:316208	  141.2	   47.8	    3.0	  161.8	   0.02	  11.56	   0.02	  -1.47	   0.00	ACACGTGG_309/78	0	6.41	+
_3:878506	  118.3	   64.9	    1.8	  138.4	   0.01	   4.38	   0.02	  -1.03	   0.00	ACGTGNAA_197/8	0	16.76	+
_6:970210	  130.6	   71.0	    1.8	  151.8	   0.01	   4.84	   0.02	  -0.96	   0.00	CGCGTGGAAC_381/64	0	12.60	+
_30:97353	  125.0	   54.7	    2.3	  145.3	   0.01	   7.02	   0.02	  -0.98	   0.00	GCGTGGCAC_229/57	0	5.18	+
_29:174611	  130.3	   40.0	    3.3	  152.4	   0.01	  12.07	   0.02	  -0.66	   0.00	TACGTGG_281/54	0	7.68	+
_31:159615	  121.2	  150.8	    0.8	  129.2	   0.01	   0.02	   0.13	  -0.64	   0.00	GTGGAAC_247/23	0	12.59	+
_9:836310	  133.2	   53.2	    2.5	  158.0	   0.01	   8.61	   0.01	  -1.07	   0.00	GCGTGGCG_192/49	0	4.60	+
_24:80087	  120.6	   57.7	    2.1	  144.0	   0.01	   5.84	   0.01	  -1.78	   0.00	TACGTGGA_368/72	0	10.25	+
_3:873210	  193.6	   85.3	    2.3	  223.4	   0.00	  10.32	   0.01	  -1.11	   0.00	CGTGGCAC_195/42	0	5.40	+
_21:77479	  126.4	   57.7	    2.2	  151.0	   0.00	   6.67	   0.01	  -1.10	   0.00	AACGTGGCAC_378/70	0	11.29	+
_10:103905	  143.3	   53.2	    2.7	  169.7	   0.00	  10.22	   0.01	  -0.78	   0.00	GCGTGGAGG_363/73	0	9.77	+
_10:87960	  118.8	   33.0	    3.6	  143.0	   0.00	  12.19	   0.01	  -0.95	   0.00	ACGTGGCG_303/54	0	8.86	+
_22:334756	  121.5	   53.0	    2.3	  146.3	   0.00	   6.80	   0.01	  -1.24	   0.00	ATGTGGA_208/13	0	14.08	+
_24:155132	  184.0	   57.7	    3.2	  213.8	   0.00	  16.03	   0.01	  -1.14	   0.00	ACGTGGAAC_428/73	0	15.57	+
_21:355441	  166.8	   71.0	    2.4	  197.5	   0.00	   9.67	   0.01	  -0.88	   0.00	GCGTGGAAGA_384/78	0	10.54	+
_26:324969	  122.0	   44.4	    2.8	  150.1	   0.00	   9.14	   0.00	  -0.96	   0.00	CGTGGAGC_358/50	0	13.63	+
_4:87329	  141.0	   44.4	    3.2	  170.0	   0.00	  12.30	   0.00	  -1.41	   0.00	ATGTGGA_208/13	0	14.08	+
_11:174626	  123.5	   48.8	    2.5	  152.5	   0.00	   8.26	   0.00	  -1.15	   0.00	AACGTGGAGG_389/79	0	10.77	+
_3:683036	  124.5	   80.9	    1.5	  154.0	   0.00	   2.88	   0.00	  -1.48	   0.00	CGTGGAA_316/44	0	11.62	+
_6:992181	  136.0	   44.4	    3.1	  166.3	   0.00	  11.40	   0.00	  -1.15	   0.00	ACGTGGAAG_445/79	0	16.45	+
_21:148538	  122.6	   57.7	    2.1	  158.8	  -0.00	   6.12	   0.00	  -1.10	   0.00	CGTGGAAG_366/54	0	13.39	+
_30:140158	  123.8	  130.2	    1.0	  160.6	  -0.00	   0.16	   0.00	  -0.84	   0.00	ATNTGGA_23/2	0	2.85	+
_3:823612	  123.9	   39.9	    3.1	  161.3	  -0.00	  10.78	   0.00	  -0.80	   0.00	AGGTGGAAA_307/32	0	14.40	+
_32:70316	  136.0	   66.5	    2.0	  175.0	  -0.00	   6.14	   0.00	  -0.69	   0.00	GGAAGA_43/9	0	2.96	+
_4:1175084	  122.0	   48.8	    2.5	  159.1	  -0.00	   7.95	   0.00	  -0.88	   0.00	GCGTGGA_304/47	0	10.14	+
_30:276267	  149.5	   64.6	    2.3	  191.4	  -0.00	   8.49	   0.00	  -0.85	   0.00	AACGTGGC_300/52	0	9.00	+
_21:580684	  169.1	  159.1	    1.1	  215.8	  -0.00	   0.51	   0.00	  -1.01	   0.00	GTGGCA_87/25	0	3.10	+
_11:788332	  129.1	   39.9	    3.2	  171.3	  -0.00	  11.88	   0.00	  -1.11	   0.00	CGTGGA_270/28	0	12.61	+
_24:154567	  148.0	   62.1	    2.4	  192.9	  -0.00	   8.64	   0.00	  -0.77	   0.00	CGTGGAA_316/44	0	11.62	+
_26:294597	  137.2	   49.4	    2.8	  188.5	  -0.00	  10.30	   0.00	  -1.10	   0.00	ACGTGGC_292/51	0	8.70	+
_11:491369	  120.0	  106.4	    1.1	  169.7	  -0.00	   0.67	   0.00	  -0.74	   0.00	ACGTGG_259/35	0	9.79	+
_30:264398	  143.8	   53.3	    2.7	  200.9	  -0.00	  10.22	   0.00	  -0.97	   0.00	CACGTNGA_147/6	0	12.80	+
_30:128040	  166.2	  100.3	    1.7	  229.0	  -0.00	   4.48	   0.00	  -0.76	   0.00	TACGTGGCGG_343/74	0	8.44	+
_21:362557	  130.6	  100.2	    1.3	  189.8	  -0.00	   1.55	   0.00	  -0.94	   0.00	CANGTGGAG_176/22	0	7.88	+
_21:503222	  141.0	   66.5	    2.1	  206.0	  -0.00	   6.80	   0.00	  -0.63	   0.00	AGCGTGGC_190/47	0	4.70	+
_31:111708	  136.9	   47.5	    2.9	  203.9	  -0.00	  10.69	   0.00	  -0.71	   0.00	CGTGGAAC_342/48	0	12.73	+
_21:579919	  140.3	   60.8	    2.3	  211.9	  -0.00	   8.05	   0.00	  -0.74	   0.00	GGTGGAAC_265/26	0	12.93	+
_21:580206	  123.6	   55.1	    2.2	  209.4	  -0.00	   6.66	   0.00	  -0.95	   0.00	TGGAAG_126/13	0	7.29	+
_21:588985	  127.0	   76.8	    1.7	  218.2	   0.00	   3.65	   0.00	  -0.98	   0.00	ACGTGNAA_197/8	0	16.76	+
